0.500000000000		0.000000000000		69.564918518066		1.289021134377		0.000000000000		0.000000000000
0.500000000000		0.023000000045		68.173240661621		1.830748796463		62.516139984131		1.524111866951
0.500000000000		0.068999998271		65.161544799805		4.234773159027		64.988914489746		0.494677931070
0.500000000000		0.115000002086		64.299652099609		6.692522525787		63.188804626465		0.294554799795
0.500000000000		0.160999998450		63.005958557129		9.044878005981		62.900276184082		0.205107763410
0.500000000000		0.207000002265		58.908279418945		11.010025024414		62.025939941406		0.154165893793
0.500000000000		0.252999991179		57.915157318115		13.071492195129		60.855812072754		0.125042349100
0.500000000000		0.298999994993		51.518619537354		14.257228851318		59.610336303711		0.099689893425
0.500000000000		0.344999998808		48.639560699463		15.558794021606		58.170364379883		0.083877690136
0.500000000000		0.391000002623		49.543045043945		17.432945251465		56.915687561035		0.074728280306
0.500000000000		0.437000006437		45.309505462646		19.113538742065		55.458965301514		0.067323118448
0.500000000000		0.505999982357		40.234706878662		20.044301986694		52.976654052734		0.055140230805
0.500000000000		0.574999988079		34.585048675537		20.129121780396		50.755580902100		0.044813215733
0.500000000000		0.689999997616		29.649520874023		20.756109237671		47.124542236328		0.034567214549
0.500000000000		0.805000007153		24.924976348877		20.690059661865		43.906879425049		0.027156792581
0.500000000000		0.920000016689		22.077920913696		20.524833679199		40.863098144531		0.022158510983
0.500000000000		1.034999966621		18.311086654663		19.513572692871		38.219322204590		0.017791448161
0.500000000000		1.149999976158		21.372676849365		19.812849044800		35.812374114990		0.016457736492
0.500000000000		1.264999985695		20.008413314819		19.661264419556		33.685047149658		0.014474011026
0.500000000000		1.379999995232		18.494804382324		19.194456100464		31.803783416748		0.012699276209
0.500000000000		1.495000004768		17.454124450684		18.957876205444		30.086650848389		0.011387657374
0.500000000000		1.610000014305		16.816440582275		18.836311340332		28.529626846313		0.010363125242
0.500000000000		1.725000023842		16.064970016479		18.583118438721		27.135015487671		0.009441523813
0.500000000000		1.840000033379		16.112382888794		18.816843032837		25.867761611938		0.008848443627
0.500000000000		1.955000042915		15.481811523438		18.606046676636		24.728799819946		0.008169055916
0.500000000000		2.069999933243		14.815681457520		18.209459304810		23.662914276123		0.007523749489
0.500000000000		2.184999942780		15.033772468567		18.587089538574		22.713268280029		0.007188738789
0.500000000000		2.299999952316		14.441130638123		18.224004745483		21.817087173462		0.006682453211
0.500000000000		2.414999961853		14.618924140930		18.459779739380		20.992265701294		0.006391040049
0.500000000000		2.529999971390		14.341567039490		18.423171997070		20.240388870239		0.006058140658
0.500000000000		2.644999980927		14.168515205383		18.277059555054		19.519338607788		0.005735583138
