0.500000000000		0.000000000000		19.201606750488		0.334460705519		0.000000000000		0.000000000000
0.500000000000		0.023000000045		19.405212402344		0.429051250219		17.029212951660		0.553017437458
0.500000000000		0.068999998271		19.197637557983		0.887793421745		17.590263366699		0.183297440410
0.500000000000		0.115000002086		19.029890060425		1.405703902245		17.572154998779		0.109470590949
0.500000000000		0.160999998450		19.095638275146		1.922691822052		17.401308059692		0.078334428370
0.500000000000		0.207000002265		18.921728134155		2.452391624451		17.410375595093		0.060633681715
0.500000000000		0.252999991179		18.736793518066		2.968637466431		17.406398773193		0.049351487309
0.500000000000		0.298999994993		18.952663421631		3.484354019165		17.219551086426		0.042014222592
0.500000000000		0.344999998808		19.300540924072		4.056202411652		17.219596862793		0.036761209369
0.500000000000		0.391000002623		19.204193115234		4.554802417755		17.068496704102		0.032352421433
0.500000000000		0.437000006437		18.824661254883		5.008021354675		17.020200729370		0.028648460284
0.500000000000		0.505999982357		18.319307327271		5.662798404694		16.891841888428		0.024387007579
0.500000000000		0.574999988079		17.930219650269		6.297629833221		16.713645935059		0.021217176691
0.500000000000		0.689999997616		17.281198501587		7.334294319153		16.555299758911		0.017342019826
0.500000000000		0.805000007153		16.455631256104		8.170536041260		16.226222991943		0.014477659017
0.500000000000		0.920000016689		16.060474395752		9.070980072021		15.979916572571		0.012503019534
0.500000000000		1.034999966621		15.591554641724		9.830182075500		15.634708404541		0.010944484733
0.500000000000		1.149999976158		16.475774765015		11.057847976685		15.282874107361		0.010481380858
0.500000000000		1.264999985695		16.681945800781		11.958220481873		14.924548149109		0.009634217247
0.500000000000		1.379999995232		15.808685302734		12.258119583130		14.570528030396		0.008558216505
0.500000000000		1.495000004768		15.710340499878		12.805988311768		14.179490089417		0.007865995169
0.500000000000		1.610000014305		14.944312095642		13.048055648804		13.795716285706		0.007150250953
0.500000000000		1.725000023842		14.685414314270		13.287441253662		13.400606155396		0.006564583164
0.500000000000		1.840000033379		14.274259567261		13.581480979919		13.026096343994		0.006102688611
0.500000000000		1.955000042915		13.924718856812		13.669358253479		12.646173477173		0.005634818226
0.500000000000		2.069999933243		13.498160362244		13.743498802185		12.269891738892		0.005245620385
0.500000000000		2.184999942780		13.047904014587		13.704532623291		11.900453567505		0.004872333724
0.500000000000		2.299999952316		12.730355262756		13.728183746338		11.546918869019		0.004569919314
0.500000000000		2.414999961853		12.851214408875		14.060702323914		11.212185859680		0.004381787032
0.500000000000		2.529999971390		12.563286781311		14.012350082397		10.889432907104		0.004125513136
0.500000000000		2.644999980927		12.488638877869		14.028435707092		10.566337585449		0.003902931930
