0.50000000		0.00000000		4.90000010		9.10000038		0.56168977		0.00238335		0.43939168		0.00260894		5.49027334		0.02316579		12.49516922		0.09101677		9.77456531		0.05849085		56.87485635		0.53448549		0.14137564		0.30053981		0.55808455
0.50000000		0.02300000		4.90000010		9.10000038		0.56091057		0.00261745		0.44059808		0.00268416		5.42068216		0.02295437		12.30300895		0.09127900		9.66407558		0.06089699		55.84685641		0.53612558		0.14118710		0.29578313		0.56302977
0.50000000		0.04600000		4.90000010		9.10000038		0.55586312		0.00248966		0.44283189		0.00242486		5.48246274		0.02310887		12.38046068		0.08555156		9.86297262		0.06066111		55.91494692		0.49298871		0.14402739		0.29765576		0.55831685
0.50000000		0.06900000		4.90000010		9.10000038		0.55757268		0.00233735		0.44220479		0.00241762		5.55841642		0.02330901		12.56977874		0.08660881		9.96895410		0.05911016		56.85048606		0.50004432		0.14282289		0.29529744		0.56187966
0.50000000		0.09200000		4.90000010		9.10000038		0.55332047		0.00256209		0.44730217		0.00268525		5.45835919		0.02290217		12.20284521		0.08937550		9.86473398		0.06164096		54.56197587		0.51670426		0.14438004		0.29248266		0.56313730
0.50000000		0.11500000		4.90000010		9.10000038		0.55243827		0.00253024		0.44759526		0.00250032		5.52125336		0.02299402		12.33537061		0.08594924		9.99433540		0.06186952		55.11841535		0.49223450		0.14692037		0.29011498		0.56296465
0.50000000		0.13800000		4.90000010		9.10000038		0.54685691		0.00286346		0.45360283		0.00278135		5.49509927		0.02291752		12.11434069		0.08983498		10.04851392		0.06726607		53.41386687		0.51396397		0.15041795		0.29063769		0.55894436
0.50000000		0.16100000		4.90000010		9.10000038		0.53818991		0.00220911		0.46318290		0.00207909		5.55118318		0.02195239		11.98486199		0.07169602		10.31454345		0.05879020		51.75001881		0.38703820		0.15388951		0.27993536		0.56617513
0.50000000		0.18400000		4.90000010		9.10000038		0.53507550		0.00238681		0.46452997		0.00258115		5.54750318		0.02188242		11.94218566		0.08137698		10.36770162		0.06173561		51.41621148		0.45207793		0.15530369		0.28049939		0.56419692
0.50000000		0.20700000		4.90000010		9.10000038		0.52361995		0.00213975		0.47494769		0.00214695		5.55305128		0.02172622		11.69192189		0.06989913		10.60511792		0.05999782		49.23456694		0.36901398		0.15998541		0.27443159		0.56558300
0.50000000		0.25300000		4.90000010		9.10000038		0.51752451		0.00216724		0.48187361		0.00202015		5.65057425		0.02183364		11.72625795		0.06685559		10.91846686		0.06221338		48.66943410		0.34442252		0.16303567		0.26627432		0.57069001
0.50000000		0.29900000		4.90000010		9.10000038		0.50313217		0.00263511		0.49756834		0.00253182		5.65623528		0.02171212		11.36775552		0.07245698		11.24204653		0.07300007		45.69324270		0.37266848		0.17009969		0.25931289		0.57058742
0.50000000		0.34500000		4.90000010		9.10000038		0.49635536		0.00220139		0.50335921		0.00238231		5.81394465		0.02186011		11.55028958		0.06981649		11.71327069		0.06810580		45.89283095		0.35231941		0.17398790		0.25319632		0.57281578
0.50000000		0.39100000		4.90000010		9.10000038		0.48456821		0.00194075		0.51494644		0.00191703		5.90805039		0.02164984		11.47313573		0.05993258		12.19240190		0.06618710		44.56050127		0.28583554		0.18007960		0.24835640		0.57156399
0.50000000		0.43700000		4.90000010		9.10000038		0.47296100		0.00213061		0.52568474		0.00223484		6.02022928		0.02031571		11.45216667		0.06216032		12.72880695		0.07164546		43.57047392		0.30039859		0.18338655		0.23969749		0.57691596
0.50000000		0.50600000		4.90000010		9.10000038		0.45625423		0.00197972		0.54288467		0.00217526		6.13335035		0.02022993		11.29770401		0.05863284		13.44283507		0.07326846		41.62100923		0.27289223		0.19348561		0.22933244		0.57718195
0.50000000		0.57500000		4.90000010		9.10000038		0.44674251		0.00204890		0.55243769		0.00209923		6.31235048		0.02023135		11.42635743		0.05680156		14.12972882		0.07905911		41.36704528		0.25883796		0.19859588		0.22356707		0.57783706
0.50000000		0.69000000		4.90000010		9.10000038		0.43104588		0.00190279		0.56678742		0.00195626		6.78262943		0.02057424		11.96679608		0.05498761		15.73528440		0.08427983		42.22675286		0.24267335		0.20658226		0.21580242		0.57761532
0.50000000		0.80500000		4.90000010		9.10000038		0.41747601		0.00150802		0.57986838		0.00154160		7.24208222		0.02080176		12.48918275		0.04888070		17.34730132		0.08005855		43.07592242		0.20380862		0.21336176		0.20762786		0.57901038
0.50000000		0.92000000		4.90000010		9.10000038		0.40673161		0.00148254		0.58963096		0.00162028		7.76090035		0.02108096		13.16230125		0.05085760		19.08113392		0.08673902		44.64589582		0.21168412		0.21653334		0.20265156		0.58081510
0.50000000		1.03500000		4.90000010		9.10000038		0.39790406		0.00170791		0.59788867		0.00172497		8.23776407		0.02150646		13.77809036		0.05361018		20.70289012		0.10400879		46.08915048		0.22325189		0.22343214		0.20019236		0.57637550
0.50000000		1.15000000		4.90000010		9.10000038		0.39273212		0.00259490		0.60350348		0.00282944		8.86055707		0.03611359		14.68186570		0.09120801		22.56132521		0.17514958		48.65544658		0.37867945		0.22671456		0.19877692		0.57450852
0.50000000		1.26500000		4.90000010		9.10000038		0.39565291		0.00232758		0.60227722		0.00222552		9.55719661		0.03733151		15.86843462		0.08532452		24.15550691		0.17057630		52.69478643		0.34379642		0.22904372		0.20185900		0.56909728
0.50000000		1.38000000		4.90000010		9.10000038		0.39047080		0.00311352		0.60689219		0.00314710		10.08689515		0.03804355		16.62057160		0.10657319		25.83264923		0.22786314		54.77273154		0.45168700		0.23276608		0.20162114		0.56561278
0.50000000		1.49500000		4.90000010		9.10000038		0.39122486		0.00245381		0.60681881		0.00227416		10.83871889		0.03910059		17.86154063		0.09291285		27.70457603		0.20045832		58.86943591		0.37742721		0.23311739		0.20106635		0.56581626
0.50000000		1.61000000		4.90000010		9.10000038		0.38873829		0.00243534		0.60912154		0.00232861		11.61959277		0.04031450		19.07598410		0.09848113		29.89052834		0.21405563		62.63441014		0.40235803		0.23783620		0.20341018		0.55875362
0.50000000		1.72500000		4.90000010		9.10000038		0.38804864		0.00245267		0.61086833		0.00253106		12.45235348		0.04205753		20.38467682		0.10896735		32.08967215		0.22996535		66.74000216		0.45138405		0.23817170		0.20222183		0.55960646
0.50000000		1.84000000		4.90000010		9.10000038		0.40132304		0.00216139		0.59994023		0.00237078		13.24900142		0.04278759		22.08386886		0.11270454		33.01330843		0.20731436		73.62022967		0.47518614		0.23544422		0.21271403		0.55184174
0.50000000		1.95500000		4.90000010		9.10000038		0.39645914		0.00219950		0.60437252		0.00193923		14.07141695		0.04404208		23.28268808		0.10436197		35.49272944		0.22608365		77.04747381		0.42472168		0.23773003		0.21209160		0.55017837
0.50000000		2.07000000		4.90000010		9.10000038		0.40580204		0.00206547		0.59657420		0.00213690		15.10337865		0.04529080		25.31684833		0.11826722		37.21858755		0.21987006		84.87409662		0.49962797		0.23745697		0.21846221		0.54408082
0.50000000		2.18500000		4.90000010		9.10000038		0.40849882		0.00225184		0.59305959		0.00199536		15.89992988		0.04658049		26.81000393		0.11960539		38.92282983		0.24297942		90.41251329		0.50519836		0.23709779		0.22462666		0.53827555
0.50000000		2.30000000		4.90000010		9.10000038		0.41145178		0.00140480		0.59112236		0.00146064		17.23442294		0.04842002		29.15542396		0.10908548		41.88685994		0.18520614		98.64429454		0.44230303		0.23777759		0.22722236		0.53500004
0.50000000		2.41500000		4.90000010		9.10000038		0.41825491		0.00235645		0.58510214		0.00244951		18.07211224		0.04970636		30.88710673		0.15471767		43.20836841		0.27089606		105.57851231		0.68924176		0.23744744		0.23332124		0.52923133
0.50000000		2.53000000		4.90000010		9.10000038		0.42121549		0.00184608		0.58275021		0.00203671		19.15562538		0.05056863		32.87107418		0.14397354		45.47702034		0.23267825		112.81359875		0.63214758		0.23711154		0.23658690		0.52630156
0.50000000		2.64500000		4.90000010		9.10000038		0.42981505		0.00216992		0.57350034		0.00209646		20.48130771		0.05226436		35.71280801		0.15921183		47.65144369		0.26955328		124.54328351		0.71802061		0.23545240		0.24521433		0.51933327
