0.50000000		0.00000000		4.50000000		9.10000038		0.53169461		0.00308930		0.46801848		0.00312459		4.50136396		0.02076914		9.61791936		0.07805372		8.46607025		0.06281350		41.10059690		0.43191294		0.13709912		0.27643903		0.58646185
0.50000000		0.02300000		4.50000000		9.10000038		0.53083228		0.00334794		0.46991401		0.00330267		4.48528666		0.02062476		9.54490948		0.08016634		8.44953631		0.06595094		40.62406880		0.44489778		0.13710960		0.27176389		0.59112651
0.50000000		0.04600000		4.50000000		9.10000038		0.52515535		0.00244868		0.47185588		0.00237948		4.50835667		0.02058599		9.55452056		0.06499883		8.58480584		0.05602627		40.49762239		0.34294087		0.13991903		0.27364929		0.58643167
0.50000000		0.06900000		4.50000000		9.10000038		0.52816716		0.00287983		0.47175902		0.00288598		4.55485915		0.02080086		9.65505479		0.07370720		8.62389699		0.06133571		40.93214736		0.40042940		0.13863356		0.27133999		0.59002645
0.50000000		0.09200000		4.50000000		9.10000038		0.52363659		0.00282279		0.47602430		0.00302748		4.53126891		0.02075966		9.51898658		0.07461218		8.65346117		0.06121947		39.99370041		0.40369248		0.14015021		0.26873364		0.59111615
0.50000000		0.11500000		4.50000000		9.10000038		0.52121176		0.00260703		0.47827991		0.00301577		4.51669372		0.02053320		9.44361996		0.07340884		8.66575564		0.05857269		39.48992933		0.39526267		0.14276293		0.26641585		0.59082121
0.50000000		0.13800000		4.50000000		9.10000038		0.51820563		0.00271025		0.48267380		0.00259838		4.53712601		0.02059092		9.39998405		0.06618563		8.75545487		0.06062786		38.94963461		0.34521785		0.14630358		0.26743441		0.58626201
0.50000000		0.16100000		4.50000000		9.10000038		0.50711756		0.00305895		0.49343393		0.00297486		4.55944159		0.01972332		9.24022723		0.06856485		8.99089664		0.06673777		37.45274397		0.35807578		0.14971853		0.25706224		0.59321923
0.50000000		0.18400000		4.50000000		9.10000038		0.50562040		0.00220599		0.49386502		0.00227350		4.57681926		0.01961653		9.26734843		0.05829040		9.05188810		0.05536146		37.52988357		0.29252747		0.15112936		0.25766358		0.59120705
0.50000000		0.20700000		4.50000000		9.10000038		0.49404302		0.00262029		0.50536064		0.00230563		4.59378050		0.01948949		9.09010338		0.05663253		9.29834099		0.06315306		35.97471821		0.27779742		0.15594957		0.25216431		0.59188612
0.50000000		0.25300000		4.50000000		9.10000038		0.48560155		0.00200701		0.51419249		0.00219060		4.63945664		0.01950821		9.02280118		0.05400933		9.55403993		0.05633056		35.09503262		0.25784837		0.15897845		0.24438478		0.59663677
0.50000000		0.29900000		4.50000000		9.10000038		0.47277939		0.00220475		0.52875740		0.00253061		4.69486122		0.01957656		8.87904592		0.05636092		9.93034240		0.06212159		33.58457378		0.26698739		0.16615143		0.23824411		0.59560445
0.50000000		0.34500000		4.50000000		9.10000038		0.46406896		0.00175154		0.53650727		0.00167934		4.75014875		0.01953393		8.85383854		0.04575695		10.23586817		0.05713437		33.00547455		0.19942070		0.17001331		0.23234673		0.59763996
0.50000000		0.39100000		4.50000000		9.10000038		0.45424567		0.00178207		0.54751383		0.00186027		4.93398073		0.01971379		9.01160939		0.04726439		10.86192138		0.06082203		32.91828980		0.20571274		0.17618997		0.22810327		0.59570675
0.50000000		0.43700000		4.50000000		9.10000038		0.44127742		0.00182597		0.55818413		0.00175085		5.00263124		0.01844016		8.96233150		0.04337813		11.33670332		0.06282380		32.11245525		0.18521091		0.17949331		0.21992647		0.60058022
0.50000000		0.50600000		4.50000000		9.10000038		0.42524909		0.00267293		0.57522165		0.00258746		5.13075979		0.01847610		8.91962225		0.05139542		12.06530456		0.08740143		31.01281849		0.22670177		0.18976176		0.21052781		0.59971043
0.50000000		0.57500000		4.50000000		9.10000038		0.41678019		0.00167284		0.58515867		0.00158704		5.29627282		0.01853597		9.05100286		0.04007508		12.70759251		0.06767157		30.93520880		0.16062574		0.19492826		0.20522237		0.59984937
0.50000000		0.69000000		4.50000000		9.10000038		0.40031548		0.00203420		0.59975197		0.00213239		5.69765169		0.01891734		9.50001323		0.04621444		14.23290368		0.08639422		31.67980643		0.19088582		0.20297260		0.19819522		0.59883218
0.50000000		0.80500000		4.50000000		9.10000038		0.38635696		0.00174796		0.61362792		0.00168050		6.12165449		0.01926106		9.97616681		0.04161362		15.84455592		0.08731508		32.51536141		0.16225077		0.20984244		0.19056548		0.59959208
0.50000000		0.92000000		4.50000000		9.10000038		0.37597056		0.00165620		0.62367429		0.00157208		6.58593650		0.01975610		10.55989736		0.04137576		17.51716026		0.09335771		33.86350058		0.15776938		0.21316836		0.18622520		0.60060644
0.50000000		1.03500000		4.50000000		9.10000038		0.36847415		0.00124871		0.63054512		0.00134048		7.02720589		0.02011656		11.14465202		0.03973867		19.07109588		0.08460212		35.34926131		0.14674754		0.22018254		0.18425790		0.59555956
0.50000000		1.15000000		4.50000000		9.10000038		0.36154549		0.00255347		0.63582660		0.00251417		7.57056366		0.03395723		11.90664818		0.07119590		20.93945015		0.17519226		37.45250082		0.26848497		0.22347283		0.18326166		0.59326551
0.50000000		1.26500000		4.50000000		9.10000038		0.36726824		0.00261283		0.63428317		0.00217014		8.24775977		0.03520557		13.00327696		0.07113413		22.45704584		0.18631527		41.00148801		0.26455382		0.22581355		0.18604564		0.58814081
0.50000000		1.38000000		4.50000000		9.10000038		0.36248174		0.00223667		0.63845615		0.00205027		8.74325996		0.03630086		13.69437826		0.07187969		24.12055302		0.17939005		42.89841474		0.26396570		0.22964741		0.18615360		0.58419900
0.50000000		1.49500000		4.50000000		9.10000038		0.36249121		0.00302891		0.63860525		0.00256668		9.33975474		0.03712213		14.62523952		0.08267028		25.76546516		0.23840682		45.80369333		0.31768585		0.23002167		0.18579249		0.58418583
0.50000000		1.61000000		4.50000000		9.10000038		0.36154334		0.00223399		0.64038246		0.00196517		10.09038564		0.03836352		15.75681132		0.07698664		27.90920089		0.20248257		49.21062717		0.28393070		0.23478241		0.18815580		0.57706179
0.50000000		1.72500000		4.50000000		9.10000038		0.36106584		0.00192962		0.64204686		0.00210505		10.80923705		0.03984367		16.83558912		0.08305385		29.93702526		0.19435589		52.44349061		0.31064251		0.23509257		0.18699614		0.57791129
0.50000000		1.84000000		4.50000000		9.10000038		0.37480146		0.00242677		0.62986824		0.00227843		11.62642319		0.04084087		18.45850059		0.09307272		31.02021819		0.22850475		58.61067300		0.36371427		0.23230917		0.19697303		0.57071779
0.50000000		1.95500000		4.50000000		9.10000038		0.37100192		0.00206317		0.63416722		0.00235581		12.35960109		0.04239507		19.48949861		0.09854368		33.31411664		0.21766958		61.46485690		0.38564197		0.23453797		0.19638256		0.56907947
0.50000000		2.07000000		4.50000000		9.10000038		0.38052441		0.00212272		0.62615377		0.00224610		13.30703649		0.04326978		21.25202646		0.10289316		34.97025721		0.22579994		67.88117381		0.40902778		0.23424664		0.20236125		0.56339211
0.50000000		2.18500000		4.50000000		9.10000038		0.38443349		0.00223326		0.62117277		0.00229656		14.13090119		0.04492382		22.74874539		0.11092331		36.75772671		0.24341830		73.24450290		0.44819602		0.23390541		0.20833185		0.55776274
0.50000000		2.30000000		4.50000000		9.10000038		0.38768385		0.00229553		0.62002776		0.00208699		15.29475002		0.04655419		24.66784710		0.11194546		39.45160517		0.26265573		79.57013738		0.44958323		0.23446220		0.21055519		0.55498261
0.50000000		2.41500000		4.50000000		9.10000038		0.39506967		0.00204769		0.61312826		0.00186293		16.09697187		0.04783178		26.25384089		0.11157585		40.74464129		0.24342770		85.63898441		0.44740447		0.23421462		0.21664292		0.54914247
0.50000000		2.53000000		4.50000000		9.10000038		0.39738356		0.00221441		0.61007921		0.00225281		17.05318518		0.04889706		27.95241181		0.13068221		42.91366560		0.26893562		91.63535348		0.54592544		0.23383770		0.21966877		0.54649353
0.50000000		2.64500000		4.50000000		9.10000038		0.40727370		0.00176337		0.60056259		0.00198951		18.34580625		0.05040277		30.54770077		0.13146990		45.04539847		0.23098354		101.73028203		0.55250501		0.23205224		0.22768645		0.54026131
