0.50000000		0.00000000		5.30000019		5.69999981		0.33909769		0.00172335		0.65305596		0.00180431		51.84576478		0.14962775		79.38946739		0.31718590		152.89330020		0.89357641		243.13220412		1.18103164		0.63492474		0.32703712		0.03803814
0.50000000		0.02300000		5.30000019		5.69999981		0.33535532		0.00191618		0.65741241		0.00196727		52.51461215		0.15153267		79.88077397		0.33206797		156.59394252		1.00238245		243.01571654		1.24474684		0.63899880		0.32248255		0.03851865
0.50000000		0.04600000		5.30000019		5.69999981		0.33622268		0.00191244		0.65643856		0.00194362		51.39954837		0.14865368		78.30062282		0.32408360		152.87353067		0.97549637		238.56192239		1.21403681		0.63815078		0.32402315		0.03782607
0.50000000		0.06900000		5.30000019		5.69999981		0.33441353		0.00214687		0.65798455		0.00219325		52.20922926		0.15005769		79.34719682		0.34923188		156.12176264		1.09813165		241.18255459		1.33158813		0.63985177		0.32186693		0.03828130
0.50000000		0.09200000		5.30000019		5.69999981		0.33114859		0.00274804		0.66085179		0.00263167		51.68244049		0.15040468		78.20579606		0.38573230		156.07024372		1.37248088		236.68180061		1.50037475		0.64319855		0.31886999		0.03793146
0.50000000		0.11500000		5.30000019		5.69999981		0.32814664		0.00175169		0.66352002		0.00170116		51.65728119		0.14976549		77.85338759		0.30131089		157.42133084		0.95627461		234.66778815		1.08942475		0.64571512		0.31637230		0.03791258
0.50000000		0.13800000		5.30000019		5.69999981		0.32768932		0.00158435		0.66383709		0.00167827		50.66191400		0.14743634		76.31678680		0.29419837		154.60349527		0.87245863		229.92624985		1.05996266		0.64651198		0.31627251		0.03721551
0.50000000		0.16100000		5.30000019		5.69999981		0.31754918		0.00213656		0.67471125		0.00205342		50.77604301		0.14099699		75.25596029		0.31004298		159.89977658		1.16387615		223.07605019		1.14260723		0.65737989		0.30548178		0.03713833
0.50000000		0.18400000		5.30000019		5.69999981		0.31764304		0.00198682		0.67421064		0.00189943		50.35916933		0.14079410		74.69352475		0.29646378		158.54013160		1.08620441		221.57325919		1.07846177		0.65708592		0.30595014		0.03696393
0.50000000		0.20700000		5.30000019		5.69999981		0.31073491		0.00188827		0.68176524		0.00185642		49.43551517		0.13928588		72.51105232		0.28411911		159.09224906		1.06563074		212.71560294		1.01497865		0.66454253		0.29923683		0.03622065
0.50000000		0.25300000		5.30000019		5.69999981		0.30245711		0.00194816		0.68913003		0.00188759		49.46484337		0.13931997		71.77867939		0.28200494		163.54332889		1.14970846		208.31679487		0.99770914		0.67263203		0.29105949		0.03630848
0.50000000		0.29900000		5.30000019		5.69999981		0.29446678		0.00137879		0.69827578		0.00140740		47.93089893		0.13707059		68.64178967		0.24015414		162.77183772		0.89305941		196.60366876		0.79382657		0.68181758		0.28302884		0.03515358
0.50000000		0.34500000		5.30000019		5.69999981		0.28828662		0.00130486		0.70453387		0.00130033		47.78950379		0.13656708		67.83137912		0.23075444		165.77080241		0.88735181		192.55675949		0.74525408		0.68798549		0.27691913		0.03509538
0.50000000		0.39100000		5.30000019		5.69999981		0.28253123		0.00181137		0.71001115		0.00183139		46.55354091		0.13385590		65.56733822		0.25326824		164.77307828		1.15776977		184.69382810		0.85785844		0.69438025		0.27139550		0.03422425
0.50000000		0.43700000		5.30000019		5.69999981		0.27372657		0.00143505		0.71881348		0.00148273		46.41734632		0.12535940		64.57495286		0.21944744		169.57559569		1.00005052		179.67095786		0.71425922		0.70353320		0.26250438		0.03396242
0.50000000		0.50600000		5.30000019		5.69999981		0.26184226		0.00116663		0.73099507		0.00119175		44.91793217		0.12054927		61.44765435		0.19295457		171.54576819		0.89226743		168.12057198		0.59483377		0.71583233		0.25121176		0.03295591
0.50000000		0.57500000		5.30000019		5.69999981		0.25550566		0.00138122		0.73726281		0.00143914		44.44294296		0.11997763		60.28100474		0.20081896		173.94113219		1.05102527		163.52650343		0.63139901		0.72251195		0.24500953		0.03247852
0.50000000		0.69000000		5.30000019		5.69999981		0.24677315		0.00098507		0.74481121		0.00102806		44.05438922		0.11742159		59.14839710		0.17753849		178.52180989		0.85687928		158.82789166		0.52472600		0.73135509		0.23679029		0.03185461
0.50000000		0.80500000		5.30000019		5.69999981		0.23817565		0.00122323		0.75346811		0.00120249		43.77552130		0.11479359		58.09870513		0.17835072		183.79511688		1.05987043		154.21676031		0.53356811		0.74004562		0.22835340		0.03160098
0.50000000		0.92000000		5.30000019		5.69999981		0.23218957		0.00117564		0.75986172		0.00121974		42.99155323		0.10976771		56.57812751		0.17063464		185.15712280		1.04995567		148.91690448		0.50877344		0.74638293		0.22273990		0.03087717
0.50000000		1.03500000		5.30000019		5.69999981		0.22933551		0.00112957		0.76230821		0.00108250		42.64915518		0.10652047		55.94739085		0.16074018		185.96838618		1.02700301		146.78417566		0.47041847		0.74962498		0.21990698		0.03046804
0.50000000		1.15000000		5.30000019		5.69999981		0.22761491		0.00170232		0.76238105		0.00172449		42.63413477		0.17143763		55.92234334		0.25800785		187.30817879		1.59051026		146.70444242		0.75381780		0.75146190		0.21825225		0.03028585
0.50000000		1.26500000		5.30000019		5.69999981		0.23011079		0.00148185		0.75890728		0.00139306		42.87420483		0.16884559		56.49465504		0.24546648		186.31983925		1.40643024		148.88420952		0.70225490		0.74823624		0.22161273		0.03015102
0.50000000		1.38000000		5.30000019		5.69999981		0.22994546		0.00184848		0.76043765		0.00191036		43.30571601		0.16590348		56.94841107		0.26089269		188.33037975		1.67707584		149.77798880		0.78256033		0.74872982		0.22120679		0.03006339
0.50000000		1.49500000		5.30000019		5.69999981		0.22896180		0.00134817		0.75971236		0.00144809		44.02158494		0.16703210		57.94506848		0.24604579		192.26606794		1.34678974		152.54475577		0.71000334		0.74929971		0.22062567		0.03007462
0.50000000		1.61000000		5.30000019		5.69999981		0.23136305		0.00182869		0.75685938		0.00196755		44.53906791		0.16348734		58.84721645		0.26469298		192.50726754		1.67765090		155.50369806		0.80786804		0.74667542		0.22310196		0.03022262
0.50000000		1.72500000		5.30000019		5.69999981		0.23095187		0.00146660		0.75871707		0.00157713		44.91501867		0.15948028		59.19863976		0.24356820		194.47782844		1.41492982		156.04931503		0.71934143		0.74789225		0.22209123		0.03001652
0.50000000		1.84000000		5.30000019		5.69999981		0.24091713		0.00137907		0.74667407		0.00136020		46.38093301		0.16082600		62.11670522		0.24330485		192.51820091		1.28844364		166.38238243		0.71873760		0.73635315		0.23298770		0.03065915
0.50000000		1.95500000		5.30000019		5.69999981		0.24098614		0.00145050		0.74649718		0.00155062		47.11285956		0.15854081		63.11190526		0.24958189		195.50028398		1.34813970		169.08812680		0.75530594		0.73666949		0.23256015		0.03077036
0.50000000		2.07000000		5.30000019		5.69999981		0.24694745		0.00145289		0.73928767		0.00160760		48.32469974		0.15750814		65.36657072		0.25611746		195.68818764		1.31618213		176.83663178		0.79243017		0.72975567		0.23929263		0.03095170
0.50000000		2.18500000		5.30000019		5.69999981		0.25220938		0.00126670		0.73216645		0.00140442		48.96066148		0.15599765		66.87094353		0.24869451		194.12704351		1.15463121		182.66595890		0.76437540		0.72340254		0.24560381		0.03099365
0.50000000		2.30000000		5.30000019		5.69999981		0.25561668		0.00121882		0.72841507		0.00125567		50.41173568		0.15374407		69.20743108		0.24245030		197.21614196		1.11625672		190.02196421		0.74192107		0.72020753		0.24863872		0.03115374
0.50000000		2.41500000		5.30000019		5.69999981		0.26094225		0.00125716		0.72166431		0.00131769		51.22066705		0.15283264		70.97575194		0.24828356		196.29119697		1.11236685		196.70018585		0.77617964		0.71375982		0.25492419		0.03131600
0.50000000		2.53000000		5.30000019		5.69999981		0.26410482		0.00125510		0.71754754		0.00152409		52.11300302		0.15006434		72.62655063		0.25987264		197.31939403		1.09642955		202.42993305		0.84233781		0.71018801		0.25839770		0.03141429
0.50000000		2.64500000		5.30000019		5.69999981		0.27283436		0.00153750		0.70850539		0.00145592		54.33008224		0.15182168		76.68266559		0.26598548		199.13211016		1.25256296		216.46318062		0.87270502		0.70083102		0.26763791		0.03153107
