0.50000000		0.00000000		5.30000019		6.50000000		0.38073906		0.00180339		0.61819021		0.00181830		26.79896256		0.07735953		43.35067419		0.17865656		70.38669148		0.39042521		140.25027635		0.71011076		0.50681170		0.32703712		0.16615118
0.50000000		0.02300000		5.30000019		6.50000000		0.37740711		0.00200817		0.62195108		0.00199216		27.03522900		0.07760995		43.46841682		0.18696814		71.63412790		0.43309629		139.78082157		0.74962735		0.50958271		0.32248255		0.16793474
0.50000000		0.04600000		5.30000019		6.50000000		0.37753625		0.00204318		0.62158983		0.00204331		26.58749024		0.07758101		42.77336773		0.18800976		70.42367498		0.43299344		137.62570069		0.75539038		0.51129456		0.32402315		0.16468229
0.50000000		0.06900000		5.30000019		6.50000000		0.37599148		0.00219722		0.62313548		0.00219648		26.92895310		0.07726706		43.21524635		0.19641606		71.62117956		0.46626840		138.70257117		0.79777940		0.51109295		0.32186693		0.16704013
0.50000000		0.09200000		5.30000019		6.50000000		0.37255368		0.00283570		0.62631855		0.00289154		26.70833211		0.07730063		42.64336781		0.23236100		71.68988965		0.58378603		136.17149968		0.97250786		0.51543051		0.31886999		0.16569951
0.50000000		0.11500000		5.30000019		6.50000000		0.36982551		0.00183468		0.62883746		0.00182734		26.87234525		0.07735859		42.73337216		0.17479683		72.66222788		0.41676704		135.91229787		0.68194493		0.51751538		0.31637230		0.16611232
0.50000000		0.13800000		5.30000019		6.50000000		0.36884364		0.00168352		0.62999184		0.00167567		26.41887257		0.07675350		41.93526174		0.16518019		71.62621214		0.38753407		133.12954011		0.63274909		0.52018637		0.31627251		0.16354112
0.50000000		0.16100000		5.30000019		6.50000000		0.35832043		0.00217308		0.64105896		0.00216087		26.46813360		0.07293367		41.28814211		0.17975819		73.86721807		0.49205071		128.81230726		0.70925559		0.53048235		0.30548178		0.16403587
0.50000000		0.18400000		5.30000019		6.50000000		0.35850305		0.00206269		0.64074316		0.00207593		26.24104374		0.07255473		40.95407576		0.17443603		73.19615149		0.46724696		127.83304949		0.68409861		0.53108424		0.30595014		0.16296562
0.50000000		0.20700000		5.30000019		6.50000000		0.35052913		0.00191376		0.64875425		0.00188574		25.86625767		0.07196146		39.87065626		0.16042086		73.79203388		0.45216846		122.91451289		0.61010393		0.54014102		0.29923683		0.16062216
0.50000000		0.25300000		5.30000019		6.50000000		0.34252071		0.00193801		0.65685347		0.00194896		25.94459764		0.07245934		39.49830342		0.16094680		75.74606936		0.47794400		120.26518925		0.60620836		0.54778071		0.29105949		0.16115980
0.50000000		0.29900000		5.30000019		6.50000000		0.33299791		0.00146765		0.66671655		0.00148729		25.30181699		0.07134915		37.94988564		0.13645232		75.98190913		0.39756022		113.84113804		0.48170556		0.55946683		0.28302884		0.15750434
0.50000000		0.34500000		5.30000019		6.50000000		0.32660363		0.00132829		0.67277760		0.00131549		25.33430195		0.07072572		37.65628046		0.12834574		77.56895409		0.38264201		111.94272974		0.43986665		0.56593771		0.27691913		0.15714316
0.50000000		0.39100000		5.30000019		6.50000000		0.31963396		0.00186219		0.67960275		0.00184094		24.72437386		0.06952587		36.38062640		0.14204940		77.35214879		0.50040181		107.06438796		0.50878930		0.57456626		0.27139550		0.15403823
0.50000000		0.43700000		5.30000019		6.50000000		0.31071717		0.00150367		0.68871203		0.00147768		24.62718116		0.06461335		35.75831415		0.12119413		79.25915692		0.43630601		103.84111949		0.41653802		0.58439820		0.26250438		0.15309742
0.50000000		0.50600000		5.30000019		6.50000000		0.29789885		0.00120648		0.70179831		0.00121171		24.21666017		0.06324496		34.50658093		0.10803196		81.29155382		0.39174398		98.33760059		0.35158620		0.59856274		0.25121176		0.15022550
0.50000000		0.57500000		5.30000019		6.50000000		0.29107659		0.00144092		0.70868367		0.00144115		24.09777219		0.06304621		34.00356627		0.11267551		82.78842291		0.46354458		95.96260686		0.37309020		0.60683435		0.24500953		0.14815612
0.50000000		0.69000000		5.30000019		6.50000000		0.28207920		0.00104222		0.71762696		0.00101525		24.03956603		0.06160005		33.49869421		0.09805222		85.22275357		0.38319376		93.35963155		0.30351323		0.61809560		0.23679029		0.14511411
0.50000000		0.80500000		5.30000019		6.50000000		0.27317640		0.00124964		0.72635942		0.00127024		24.01115288		0.06016828		33.05684774		0.10101282		87.89614783		0.45845445		91.02063430		0.32046127		0.62869568		0.22835340		0.14295092
0.50000000		0.92000000		5.30000019		6.50000000		0.26666562		0.00130525		0.73312408		0.00128633		24.11115737		0.05857755		32.88823528		0.09856030		90.41719627		0.49408391		89.72078806		0.31157224		0.63672151		0.22273990		0.14053858
0.50000000		1.03500000		5.30000019		6.50000000		0.26342571		0.00117714		0.73662911		0.00119884		24.12845287		0.05709204		32.75522604		0.09406739		91.59490476		0.46314029		88.93274995		0.29355932		0.64187462		0.21990698		0.13821840
0.50000000		1.15000000		5.30000019		6.50000000		0.26150578		0.00170341		0.73871646		0.00175158		24.37957287		0.09335942		33.00261242		0.14864586		93.22766198		0.70443626		89.35123122		0.45480374		0.64566381		0.21825225		0.13608394
0.50000000		1.26500000		5.30000019		6.50000000		0.26492045		0.00153895		0.73537039		0.00153585		24.80108212		0.09119988		33.72597349		0.14262621		93.61709350		0.64363317		91.72513379		0.43262980		0.64349097		0.22161273		0.13489630
0.50000000		1.38000000		5.30000019		6.50000000		0.26441043		0.00195245		0.73579569		0.00195119		25.07415169		0.09009705		34.07760065		0.15218363		94.83041955		0.77874811		92.62788869		0.48108944		0.64554125		0.22120679		0.13325197
0.50000000		1.49500000		5.30000019		6.50000000		0.26433653		0.00135269		0.73623111		0.00136136		25.95677058		0.09111615		35.25628050		0.13988080		98.19592617		0.60936153		95.77503573		0.41923387		0.64679447		0.22062567		0.13257987
0.50000000		1.61000000		5.30000019		6.50000000		0.26648024		0.00197474		0.73351136		0.00191843		26.40030315		0.08927286		35.99167616		0.15386164		99.07039664		0.80697975		98.13529378		0.49180697		0.64614450		0.22310196		0.13075354
0.50000000		1.72500000		5.30000019		6.50000000		0.26544477		0.00160447		0.73523762		0.00158911		27.33546464		0.08946929		37.17908860		0.14582570		102.97985948		0.70785651		101.13489180		0.45291602		0.64809871		0.22209123		0.12981005
0.50000000		1.84000000		5.30000019		6.50000000		0.27741581		0.00141004		0.72341420		0.00142912		28.45862436		0.08982174		39.33932227		0.14647990		102.58472274		0.61376320		108.76016053		0.45843588		0.63727836		0.23298770		0.12973395
0.50000000		1.95500000		5.30000019		6.50000000		0.27714436		0.00163046		0.72336723		0.00164986		29.20688971		0.08893777		40.37629665		0.15361416		105.38511347		0.69811698		111.63429915		0.49519333		0.63830810		0.23256015		0.12913175
0.50000000		2.07000000		5.30000019		6.50000000		0.28434252		0.00165155		0.71666937		0.00163895		30.47515185		0.08931464		42.52330740		0.15807645		107.17761094		0.69727853		118.66924774		0.51793403		0.63223325		0.23929263		0.12847412
0.50000000		2.18500000		5.30000019		6.50000000		0.29034281		0.00131821		0.71055886		0.00134562		31.27957965		0.09052227		44.02109555		0.15224772		107.73326838		0.58004532		123.90555597		0.48856514		0.62734005		0.24560381		0.12705614
0.50000000		2.30000000		5.30000019		6.50000000		0.29397888		0.00124740		0.70723074		0.00121836		32.72128965		0.08934501		46.26678093		0.14937319		111.30490112		0.56162041		130.83928173		0.47879172		0.62532312		0.24863872		0.12603816
0.50000000		2.41500000		5.30000019		6.50000000		0.29997617		0.00125091		0.70079740		0.00125418		33.86650293		0.09122624		48.32566839		0.15628586		112.89731189		0.56046783		137.91623125		0.50976156		0.61943664		0.25492419		0.12563917
0.50000000		2.53000000		5.30000019		6.50000000		0.30331251		0.00135043		0.69759841		0.00150080		34.94935571		0.08968786		50.09953471		0.16776936		115.22556642		0.59213309		143.63431467		0.57169993		0.61686743		0.25839770		0.12473486
0.50000000		2.64500000		5.30000019		6.50000000		0.31287437		0.00165347		0.68774150		0.00159129		36.78584805		0.09157619		53.48789945		0.18178744		117.57386143		0.68683646		155.54652344		0.63953136		0.60817855		0.26763791		0.12418354
