0.50000000		0.00000000		5.30000019		7.50000000		0.45482901		0.00185149		0.54452172		0.00184032		14.75127310		0.04485906		27.09033013		0.12316507		32.43256853		0.16479686		99.50137610		0.56367955		0.32739066		0.32703712		0.34557221
0.50000000		0.02300000		5.30000019		7.50000000		0.45240081		0.00206115		0.54732641		0.00198130		14.73975022		0.04447282		26.93045683		0.12690978		32.58117568		0.17804004		98.40729921		0.58477286		0.32824121		0.32248255		0.34927624
0.50000000		0.04600000		5.30000019		7.50000000		0.45059209		0.00208154		0.54865666		0.00201859		14.69116874		0.04483453		26.77661624		0.12799560		32.60414241		0.18051570		97.60791539		0.58877653		0.33196276		0.32402315		0.34401409
0.50000000		0.06900000		5.30000019		7.50000000		0.45076857		0.00228585		0.54867257		0.00227255		14.79799143		0.04477401		26.97053282		0.13834106		32.82835676		0.19385355		98.31194243		0.64815482		0.33024889		0.32186693		0.34788418
0.50000000		0.09200000		5.30000019		7.50000000		0.44624180		0.00302064		0.55329847		0.00307098		14.65007304		0.04419189		26.47770365		0.16726132		32.82989885		0.24329498		95.70857269		0.80481361		0.33404027		0.31886999		0.34708974
0.50000000		0.11500000		5.30000019		7.50000000		0.44474182		0.00190036		0.55489896		0.00190776		14.76741355		0.04461770		26.61279750		0.12180620		33.20446347		0.17376690		95.91943618		0.54908189		0.33652940		0.31637230		0.34709830
0.50000000		0.13800000		5.30000019		7.50000000		0.44177326		0.00165327		0.55743473		0.00168994		14.62137750		0.04426219		26.22975677		0.11237504		33.09701760		0.15931096		94.10879931		0.49392007		0.34081027		0.31627251		0.34291722
0.50000000		0.16100000		5.30000019		7.50000000		0.43183895		0.00218656		0.56808581		0.00215853		14.65812158		0.04222081		25.80265400		0.12302727		33.94349091		0.19773145		90.84069197		0.55383983		0.34818172		0.30548178		0.34633650
0.50000000		0.18400000		5.30000019		7.50000000		0.43085606		0.00211687		0.56896259		0.00206271		14.55118858		0.04209304		25.57494807		0.11861788		33.77273719		0.19255572		89.90028067		0.52922925		0.35016831		0.30595014		0.34388155
0.50000000		0.20700000		5.30000019		7.50000000		0.42173058		0.00192445		0.57793332		0.00189763		14.45423438		0.04142786		25.01021120		0.10900534		34.27362140		0.18468947		86.55050803		0.47229246		0.35857465		0.29923683		0.34218853
0.50000000		0.25300000		5.30000019		7.50000000		0.41378451		0.00197043		0.58589847		0.00195114		14.48592652		0.04175064		24.72429495		0.10889025		35.00838309		0.19486584		84.39788231		0.46600171		0.36465279		0.29105949		0.34428772
0.50000000		0.29900000		5.30000019		7.50000000		0.40272316		0.00166073		0.59731682		0.00168060		14.29009534		0.04077936		23.92381203		0.09587368		35.48366918		0.17794579		80.10426357		0.39223254		0.37677018		0.28302884		0.34020098
0.50000000		0.34500000		5.30000019		7.50000000		0.39589968		0.00142821		0.60351817		0.00140703		14.34631100		0.04073781		23.77113363		0.08733649		36.23723850		0.16636564		78.77520491		0.34277665		0.38299942		0.27691913		0.34008145
0.50000000		0.39100000		5.30000019		7.50000000		0.38755446		0.00191812		0.61282434		0.00196394		14.13262372		0.04003427		23.06145963		0.09863944		36.46616167		0.20795289		75.26287131		0.40225236		0.39227103		0.27139550		0.33633347
0.50000000		0.43700000		5.30000019		7.50000000		0.37729689		0.00153604		0.62215210		0.00152365		14.13333387		0.03750807		22.71684655		0.08203456		37.45944995		0.18204479		73.02666474		0.31863534		0.40138012		0.26250438		0.33611550
0.50000000		0.50600000		5.30000019		7.50000000		0.36388643		0.00127087		0.63650319		0.00124621		14.04044661		0.03680343		22.05872168		0.07217039		38.58469453		0.16848905		69.31221143		0.26427539		0.41541468		0.25121176		0.33337356
0.50000000		0.57500000		5.30000019		7.50000000		0.35625789		0.00139162		0.64432760		0.00137823		14.14233592		0.03655260		21.94898367		0.07363762		39.69690633		0.18593547		68.12988845		0.27107674		0.42438175		0.24500953		0.33060872
0.50000000		0.69000000		5.30000019		7.50000000		0.34567558		0.00111803		0.65457871		0.00104809		14.32582133		0.03569222		21.88555957		0.06481649		41.44296563		0.16919841		66.86914585		0.22513056		0.43763381		0.23679029		0.32557589
0.50000000		0.80500000		5.30000019		7.50000000		0.33573171		0.00138163		0.66533165		0.00134889		14.54489068		0.03520840		21.86111332		0.06902709		43.32295746		0.20684265		65.71493539		0.24658711		0.44967403		0.22835340		0.32197258
0.50000000		0.92000000		5.30000019		7.50000000		0.32807947		0.00148255		0.67275558		0.00142434		14.93129896		0.03455450		22.19424009		0.06961378		45.51122576		0.23105992		65.98009918		0.24968446		0.45851656		0.22273990		0.31874353
0.50000000		1.03500000		5.30000019		7.50000000		0.32337107		0.00128772		0.67757439		0.00130845		15.30318117		0.03434303		22.58524139		0.06686683		47.32390362		0.21631755		66.66497941		0.23564428		0.46646514		0.21990698		0.31362788
0.50000000		1.15000000		5.30000019		7.50000000		0.32047084		0.00187675		0.68112679		0.00197967		15.94813973		0.05724755		23.41434816		0.10814498		49.76471459		0.34182456		68.75180538		0.37518832		0.47311341		0.21825225		0.30863434
0.50000000		1.26500000		5.30000019		7.50000000		0.32280765		0.00169428		0.67911978		0.00172750		16.43201145		0.05655571		24.19604304		0.10355387		50.90341390		0.31949206		71.25707046		0.35476529		0.47369693		0.22161273		0.30469034
0.50000000		1.38000000		5.30000019		7.50000000		0.32107853		0.00211708		0.68042713		0.00216426		17.02224543		0.05692492		25.01699988		0.11545938		53.01583258		0.39195658		73.53322281		0.41216335		0.47825774		0.22120679		0.30053548
0.50000000		1.49500000		5.30000019		7.50000000		0.32030156		0.00157743		0.68142126		0.00157010		17.92884256		0.05724629		26.31095260		0.10360038		55.97488304		0.32853508		77.22374990		0.35230742		0.48028515		0.22062567		0.29908918
0.50000000		1.61000000		5.30000019		7.50000000		0.32103350		0.00204717		0.67997900		0.00208720		18.65997102		0.05773508		27.44198151		0.11960148		58.12468484		0.41197671		80.71420348		0.43026833		0.48472740		0.22310196		0.29217064
0.50000000		1.72500000		5.30000019		7.50000000		0.31971049		0.00175936		0.68159361		0.00168864		19.77049154		0.05920929		29.00627484		0.11274072		61.83873222		0.38742656		85.11310692		0.39230538		0.48628155		0.22209123		0.29162722
0.50000000		1.84000000		5.30000019		7.50000000		0.33157065		0.00149303		0.67060974		0.00150580		20.87240546		0.06010721		31.12451900		0.11365721		62.95009927		0.33646800		92.82453668		0.39792179		0.47873652		0.23298770		0.28827578
0.50000000		1.95500000		5.30000019		7.50000000		0.33044854		0.00185568		0.67154322		0.00184392		21.97986209		0.06091588		32.73037595		0.12769143		66.51523346		0.41653766		97.47809206		0.46503892		0.48249032		0.23256015		0.28494953
0.50000000		2.07000000		5.30000019		7.50000000		0.33746142		0.00180942		0.66532524		0.00185672		23.25641745		0.06163893		34.95496046		0.13453186		68.91578094		0.41219524		105.07630963		0.49953420		0.47837867		0.23929263		0.28232870
0.50000000		2.18500000		5.30000019		7.50000000		0.34178273		0.00150729		0.65995226		0.00144703		24.12430358		0.06373383		36.55461904		0.12550132		70.58374093		0.36286044		110.77958531		0.45128071		0.47576284		0.24560381		0.27863335
0.50000000		2.30000000		5.30000019		7.50000000		0.34505935		0.00135347		0.65786305		0.00129779		25.90795301		0.06509350		39.38198509		0.12580263		75.08260038		0.34974392		119.72700035		0.44951128		0.47641714		0.24863872		0.27494413
0.50000000		2.41500000		5.30000019		7.50000000		0.34996359		0.00133142		0.65191885		0.00134055		26.98336062		0.06726553		41.39067422		0.13375504		77.10333645		0.35069899		126.98106336		0.48637574		0.47309146		0.25492419		0.27198435
0.50000000		2.53000000		5.30000019		7.50000000		0.35289323		0.00146508		0.64960984		0.00162706		28.37023914		0.06712828		43.67273630		0.15047809		80.39326591		0.38416399		134.45835874		0.57275833		0.47158032		0.25839770		0.27002198
0.50000000		2.64500000		5.30000019		7.50000000		0.36156830		0.00174514		0.64009692		0.00171823		30.13593156		0.06964403		47.08026351		0.16676184		83.34782635		0.44602135		147.10354696		0.65377374		0.46566191		0.26763791		0.26670018
