0.50000000		0.00000000		5.30000019		7.00000000		0.41424488		0.00181411		0.58468419		0.00182434		19.37205471		0.05679055		33.13250999		0.14185126		46.76474163		0.24644854		113.33472207		0.60041193		0.41140690		0.32703712		0.26155598
0.50000000		0.02300000		5.30000019		7.00000000		0.41124598		0.00203337		0.58813463		0.00205469		19.41371805		0.05667975		33.00896947		0.15028656		47.20707064		0.27106490		112.24970536		0.64417944		0.41309964		0.32248255		0.26441782
0.50000000		0.04600000		5.30000019		7.00000000		0.41060124		0.00204102		0.58860881		0.00202078		19.22370227		0.05681635		32.65955582		0.14795045		46.81842208		0.27075530		110.97202520		0.63076723		0.41612341		0.32402315		0.25985344
0.50000000		0.06900000		5.30000019		7.00000000		0.40957815		0.00225920		0.58961542		0.00227157		19.47157336		0.05696406		33.02419311		0.15975418		47.54055680		0.29682900		112.01943574		0.69274819		0.41489486		0.32186693		0.26323821
0.50000000		0.09200000		5.30000019		7.00000000		0.40580872		0.00294010		0.59327976		0.00296630		19.22241712		0.05625562		32.40025766		0.18770665		47.36817131		0.37012477		109.22421356		0.83584346		0.41927809		0.31886999		0.26185192
0.50000000		0.11500000		5.30000019		7.00000000		0.40344899		0.00185170		0.59554937		0.00186374		19.37997843		0.05664092		32.54134634		0.13934142		48.03575902		0.26137329		109.28177501		0.57959357		0.42141545		0.31637230		0.26221225
0.50000000		0.13800000		5.30000019		7.00000000		0.40193324		0.00168114		0.59733569		0.00170578		19.11167315		0.05618083		31.99486233		0.13112437		47.54937204		0.24308712		107.12523253		0.53509820		0.42505714		0.31627251		0.25867035
0.50000000		0.16100000		5.30000019		7.00000000		0.39119259		0.00219216		0.60834424		0.00221735		19.16173135		0.05355811		31.49817189		0.14467756		48.98285917		0.30673939		103.55377753		0.60720607		0.43411848		0.30548178		0.26039974
0.50000000		0.18400000		5.30000019		7.00000000		0.39104530		0.00207547		0.60842495		0.00207676		18.99132722		0.05320374		31.21391910		0.13783377		48.56554288		0.29146495		102.60565093		0.57266406		0.43544858		0.30595014		0.25860128
0.50000000		0.20700000		5.30000019		7.00000000		0.38253816		0.00190462		0.61676367		0.00189950		18.77342985		0.05252653		30.43861189		0.12665335		49.07596670		0.28028322		98.70429657		0.51096572		0.44475642		0.29923683		0.25600676
0.50000000		0.25300000		5.30000019		7.00000000		0.37473133		0.00195565		0.62482190		0.00197187		18.81575944		0.05295975		30.11379637		0.12734232		50.21133267		0.29772529		96.39161622		0.50861193		0.45172284		0.29105949		0.25721767
0.50000000		0.29900000		5.30000019		7.00000000		0.36445908		0.00155135		0.63558336		0.00152607		18.48148071		0.05200364		29.07798081		0.10755961		50.70934404		0.25874744		91.50013265		0.40351116		0.46403146		0.28302884		0.25293971
0.50000000		0.34500000		5.30000019		7.00000000		0.35780949		0.00135961		0.64157710		0.00132054		18.51555444		0.05171383		28.85943785		0.10012730		51.74696310		0.24403188		89.96405219		0.36292212		0.47072845		0.27691913		0.25235242
0.50000000		0.39100000		5.30000019		7.00000000		0.34997058		0.00189825		0.64964358		0.00188267		18.15575748		0.05074761		27.94725934		0.11252427		51.87795379		0.31655235		86.03874619		0.42682144		0.47999193		0.27139550		0.24861257
0.50000000		0.43700000		5.30000019		7.00000000		0.34072008		0.00156270		0.65894844		0.00152255		18.08707625		0.04717556		27.44839378		0.09564392		53.08485514		0.28008848		83.30968593		0.34831545		0.48995475		0.26250438		0.24754087
0.50000000		0.50600000		5.30000019		7.00000000		0.32739340		0.00125125		0.67254015		0.00123547		17.90920333		0.04648837		26.62919558		0.08468226		54.70239537		0.25272633		79.18990527		0.29082647		0.50418145		0.25121176		0.24460678
0.50000000		0.57500000		5.30000019		7.00000000		0.32032371		0.00145283		0.67969440		0.00145755		17.93676344		0.04634570		26.38945300		0.08861034		55.99574143		0.29229062		77.65093541		0.30937185		0.51337812		0.24500953		0.24161235
0.50000000		0.69000000		5.30000019		7.00000000		0.31080678		0.00104430		0.68940140		0.00104744		18.01282101		0.04519748		26.12820484		0.07664266		57.95504504		0.24303337		75.79968600		0.25040128		0.52625980		0.23679029		0.23694991
0.50000000		0.80500000		5.30000019		7.00000000		0.30168847		0.00132019		0.69879761		0.00133958		18.04276167		0.04405335		25.81972443		0.08015040		59.80593695		0.29969133		73.89757531		0.26961029		0.53810666		0.22835340		0.23353995
0.50000000		0.92000000		5.30000019		7.00000000		0.29472704		0.00138648		0.70572130		0.00136714		18.26654787		0.04311251		25.88351500		0.07903311		61.97784843		0.32619895		73.35336194		0.26525322		0.54714859		0.22273990		0.23011150
0.50000000		1.03500000		5.30000019		7.00000000		0.29085190		0.00120747		0.70978689		0.00123422		18.59055140		0.04257689		26.19173696		0.07531596		63.91758719		0.30305368		73.80169312		0.24800551		0.55386052		0.21990698		0.22623250
0.50000000		1.15000000		5.30000019		7.00000000		0.28894476		0.00174771		0.71228515		0.00184607		19.00465038		0.06985737		26.68123919		0.12000253		65.77260881		0.46553414		74.91729767		0.38889180		0.55934826		0.21825225		0.22239949
0.50000000		1.26500000		5.30000019		7.00000000		0.29179443		0.00161520		0.70946928		0.00159021		19.48273968		0.06918814		27.46100542		0.11532082		66.76871609		0.43911251		77.41281059		0.36849784		0.55902675		0.22161273		0.21936052
0.50000000		1.38000000		5.30000019		7.00000000		0.29144687		0.00205929		0.71001666		0.00206217		19.81193133		0.06830956		27.90347375		0.12579347		67.97784878		0.53444999		78.59948982		0.42150947		0.56243300		0.22120679		0.21636021
0.50000000		1.49500000		5.30000019		7.00000000		0.29101655		0.00147845		0.71087229		0.00141417		20.80111821		0.06913132		29.26139974		0.11333941		71.47744146		0.43392506		82.32533520		0.35847259		0.56432538		0.22062567		0.21504895
0.50000000		1.61000000		5.30000019		7.00000000		0.29281380		0.00200965		0.70820421		0.00197489		21.34013260		0.06835614		30.13273908		0.12797221		72.87953226		0.55198319		85.09618769		0.43234255		0.56627862		0.22310196		0.21061942
0.50000000		1.72500000		5.30000019		7.00000000		0.29191483		0.00170236		0.71015286		0.00162443		22.41482262		0.06949933		31.56337744		0.12161558		76.78548831		0.50714673		88.89178488		0.39831492		0.56812302		0.22209123		0.20978574
0.50000000		1.84000000		5.30000019		7.00000000		0.30397251		0.00144273		0.69848130		0.00148633		23.52842652		0.06987319		33.68512024		0.12306599		77.40313928		0.43336160		96.45246141		0.40779744		0.55891594		0.23298770		0.20809637
0.50000000		1.95500000		5.30000019		7.00000000		0.30319070		0.00174983		0.69916841		0.00177525		24.50779399		0.07037331		35.05277667		0.13435911		80.83293319		0.52106933		100.26991032		0.46101544		0.56152805		0.23256015		0.20591180
0.50000000		2.07000000		5.30000019		7.00000000		0.31055422		0.00171074		0.69217558		0.00171303		25.75660683		0.07072473		37.21108855		0.13755409		82.93755287		0.51048844		107.51921793		0.47830512		0.55641062		0.23929263		0.20429675
0.50000000		2.18500000		5.30000019		7.00000000		0.31570859		0.00139652		0.68640037		0.00141756		26.60000875		0.07248354		38.75290577		0.13250097		84.25494225		0.43773799		112.91633171		0.45103666		0.55280935		0.24560381		0.20158685
0.50000000		2.30000000		5.30000019		7.00000000		0.31919634		0.00127471		0.68373393		0.00123621		28.28187324		0.07343542		41.36385796		0.13087623		88.60337649		0.42205357		120.99401842		0.44092317		0.55213956		0.24863872		0.19922172
0.50000000		2.41500000		5.30000019		7.00000000		0.32474953		0.00129819		0.67765431		0.00127740		29.48336795		0.07554455		43.50797683		0.13839765		90.78802413		0.43107902		128.40758568		0.47479389		0.54767917		0.25492419		0.19739664
0.50000000		2.53000000		5.30000019		7.00000000		0.32777295		0.00141734		0.67483755		0.00153561		30.75748265		0.07482801		45.57761007		0.15182712		93.83776854		0.46558075		135.07727949		0.54492901		0.54566427		0.25839770		0.19593802
0.50000000		2.64500000		5.30000019		7.00000000		0.33713224		0.00170988		0.66509581		0.00164066		32.54952661		0.07729215		48.93960557		0.16756978		96.54824532		0.54069038		147.16558075		0.62104886		0.53834231		0.26763791		0.19401978
