0.50000000		0.00000000		5.30000019		8.00000000		0.49821588		0.00192803		0.50075451		0.00191711		11.68811213		0.03777276		23.34100240		0.11694041		23.45993501		0.11828071		93.22333449		0.58780892		0.25776267		0.32703712		0.41520020
0.50000000		0.02300000		5.30000019		8.00000000		0.49730917		0.00201152		0.50348301		0.00206780		11.66706929		0.03736873		23.17271699		0.12068970		23.46039451		0.12104097		92.04964842		0.61054232		0.25772662		0.32248255		0.41979083
0.50000000		0.04600000		5.30000019		8.00000000		0.49407779		0.00219211		0.50471297		0.00217215		11.64979758		0.03771007		23.08202530		0.12430083		23.57887310		0.12949715		91.46594837		0.63053357		0.26166555		0.32402315		0.41431129
0.50000000		0.06900000		5.30000019		8.00000000		0.49467949		0.00228637		0.50444507		0.00231437		11.78095680		0.03784726		23.35429061		0.13080472		23.81533308		0.13405050		92.59398862		0.67039058		0.26005712		0.32186693		0.41807596
0.50000000		0.09200000		5.30000019		8.00000000		0.49066895		0.00312308		0.50921419		0.00315271		11.61727335		0.03704848		22.81411932		0.15888652		23.67639790		0.16855665		89.60519816		0.83499017		0.26298635		0.31886999		0.41814367
0.50000000		0.11500000		5.30000019		8.00000000		0.48871663		0.00206919		0.51089057		0.00201572		11.76529370		0.03740651		23.02898959		0.11669022		24.07385589		0.12746587		90.15233700		0.57896110		0.26574052		0.31637230		0.41788717
0.50000000		0.13800000		5.30000019		8.00000000		0.48508326		0.00168064		0.51371775		0.00172074		11.62030036		0.03718392		22.62000931		0.10478509		23.95526972		0.11297946		88.06395795		0.50342215		0.26993657		0.31627251		0.41379092
0.50000000		0.16100000		5.30000019		8.00000000		0.47604019		0.00206987		0.52401960		0.00215122		11.66325128		0.03533430		22.25728058		0.11355793		24.50055984		0.12983935		84.94827508		0.55629034		0.27599961		0.30548178		0.41851861
0.50000000		0.18400000		5.30000019		8.00000000		0.47409662		0.00218416		0.52585927		0.00210143		11.58327312		0.03530812		22.02732502		0.11071012		24.43230473		0.13496678		83.77650122		0.53793747		0.27823601		0.30595014		0.41581385
0.50000000		0.20700000		5.30000019		8.00000000		0.46453628		0.00197588		0.53522475		0.00197821		11.57184896		0.03486429		21.62054139		0.10309618		24.91053871		0.12984362		80.79051353		0.48741987		0.28535903		0.29923683		0.41540415
0.50000000		0.25300000		5.30000019		8.00000000		0.45700276		0.00188961		0.54320526		0.00190223		11.60463806		0.03495938		21.36326509		0.09868437		25.39292776		0.12990627		78.65632570		0.45594484		0.29055983		0.29105949		0.41838069
0.50000000		0.29900000		5.30000019		8.00000000		0.44477328		0.00181477		0.55505993		0.00179362		11.47485318		0.03418695		20.67317893		0.09086361		25.79933139		0.13034257		74.48989898		0.40636341		0.30144302		0.28302884		0.41552814
0.50000000		0.34500000		5.30000019		8.00000000		0.43828199		0.00149635		0.56138674		0.00147360		11.58508169		0.03426422		20.63654313		0.08160623		26.43294039		0.11939899		73.51988080		0.34895158		0.30713895		0.27691913		0.41594192
0.50000000		0.39100000		5.30000019		8.00000000		0.42904367		0.00187907		0.57165721		0.00191520		11.48139512		0.03364529		20.08440529		0.08939624		26.76043485		0.14101742		70.26730318		0.39145853		0.31582678		0.27139550		0.41277772
0.50000000		0.43700000		5.30000019		8.00000000		0.41753919		0.00154644		0.58147006		0.00154031		11.56638696		0.03165986		19.89162958		0.07577010		27.70132051		0.12757587		68.41841426		0.31744036		0.32326520		0.26250438		0.41423041
0.50000000		0.50600000		5.30000019		8.00000000		0.40395849		0.00134273		0.59647851		0.00134487		11.56024529		0.03109454		19.38082442		0.06802228		28.61740882		0.12236573		64.98414971		0.27108657		0.33630865		0.25121176		0.41247958
0.50000000		0.57500000		5.30000019		8.00000000		0.39536595		0.00137769		0.60488899		0.00133725		11.67281304		0.03078807		19.29744667		0.06641292		29.52407265		0.12902817		63.80491945		0.26098876		0.34428853		0.24500953		0.41070194
0.50000000		0.69000000		5.30000019		8.00000000		0.38310023		0.00110122		0.61577741		0.00113422		11.98661943		0.03017441		19.46583156		0.06071885		31.28846825		0.11955187		63.22359703		0.22902713		0.35673874		0.23679029		0.40647096
0.50000000		0.80500000		5.30000019		8.00000000		0.37173678		0.00143528		0.62834318		0.00143475		12.34610061		0.03018226		19.64865852		0.06572845		33.21194271		0.15177453		62.54116885		0.25330412		0.36776162		0.22835340		0.40388499
0.50000000		0.92000000		5.30000019		8.00000000		0.36302198		0.00152371		0.63617412		0.00149671		12.84768112		0.02972591		20.19522758		0.06663913		35.39091785		0.16962009		63.48962328		0.25729647		0.37528266		0.22273990		0.40197744
0.50000000		1.03500000		5.30000019		8.00000000		0.35690641		0.00134266		0.64188888		0.00132297		13.32897836		0.02971708		20.76524261		0.06304803		37.34586440		0.16331276		64.70042774		0.23743081		0.38350460		0.21990698		0.39658842
0.50000000		1.15000000		5.30000019		8.00000000		0.35307298		0.00194257		0.64614915		0.00197876		14.03070922		0.04982838		21.71435052		0.10182733		39.73883564		0.26023056		67.21157302		0.37643696		0.39004570		0.21825225		0.39170205
0.50000000		1.26500000		5.30000019		8.00000000		0.35449209		0.00182779		0.64554538		0.00184848		14.65643877		0.04987138		22.70396364		0.10096905		41.34489628		0.25541500		70.34041120		0.37205245		0.39102585		0.22161273		0.38736142
0.50000000		1.38000000		5.30000019		8.00000000		0.35134487		0.00227625		0.64797304		0.00228535		15.28628942		0.05053463		23.59093435		0.11403961		43.50793415		0.31645012		72.81455535		0.43571536		0.39605228		0.22120679		0.38274094
0.50000000		1.49500000		5.30000019		8.00000000		0.35050376		0.00164438		0.64932778		0.00167931		16.19096133		0.05103208		24.93495854		0.10166306		46.19340259		0.26108232		76.80237691		0.37081778		0.39754908		0.22062567		0.38182525
0.50000000		1.61000000		5.30000019		8.00000000		0.34969749		0.00209953		0.64886836		0.00220583		16.99883278		0.05158735		26.19766007		0.11938322		48.61010753		0.32701307		80.74876694		0.45908408		0.40301610		0.22310196		0.37388194
0.50000000		1.72500000		5.30000019		8.00000000		0.34793903		0.00184045		0.65105289		0.00171548		18.14824134		0.05352715		27.87521820		0.11024668		52.15925742		0.31589227		85.63119429		0.40695060		0.40397125		0.22209123		0.37393752
0.50000000		1.84000000		5.30000019		8.00000000		0.35986642		0.00154762		0.64043258		0.00155570		19.16878761		0.05477190		29.93099997		0.11225182		53.26639664		0.27502796		93.47119678		0.41765896		0.39803691		0.23298770		0.36897539
0.50000000		1.95500000		5.30000019		8.00000000		0.35773008		0.00192556		0.64188834		0.00188611		20.27938074		0.05546805		31.59331516		0.12682787		56.68905637		0.34227701		98.43866293		0.48971981		0.40204833		0.23256015		0.36539152
0.50000000		2.07000000		5.30000019		8.00000000		0.36495781		0.00196615		0.63559644		0.00191098		21.52749280		0.05638730		33.86975044		0.13505676		58.98625030		0.35334770		106.57627488		0.53224186		0.39895523		0.23929263		0.36175214
0.50000000		2.18500000		5.30000019		8.00000000		0.36843941		0.00161445		0.63134776		0.00155388		22.41441513		0.05833428		35.50248604		0.12717015		60.83609511		0.31004859		112.46570634		0.48878430		0.39704671		0.24560381		0.35734948
0.50000000		2.30000000		5.30000019		8.00000000		0.37117061		0.00141219		0.62935616		0.00138732		24.13298447		0.05994860		38.34551218		0.12735015		65.01857507		0.29543309		121.85631712		0.48573139		0.39836496		0.24863872		0.35299632
0.50000000		2.41500000		5.30000019		8.00000000		0.37605163		0.00134334		0.62405395		0.00141027		25.16884893		0.06167298		40.33120677		0.13443819		66.92923830		0.28992824		129.25551293		0.52053537		0.39597750		0.25492419		0.34909831
0.50000000		2.53000000		5.30000019		8.00000000		0.37880851		0.00157916		0.62214908		0.00168042		26.59914338		0.06227294		42.75364911		0.15281916		70.21791460		0.33572284		137.43859991		0.61574639		0.39466890		0.25839770		0.34693340
0.50000000		2.64500000		5.30000019		8.00000000		0.38759697		0.00179498		0.61291068		0.00180950		28.23242383		0.06447934		46.06286803		0.17193389		72.83963986		0.37611451		150.30858307		0.71532358		0.39019554		0.26763791		0.34216656
