0.50000000		0.00000000		5.30000019		9.00000000		0.58963772		0.00180974		0.41032467		0.00187659		7.85773119		0.02982591		19.15003352		0.11381613		13.32637135		0.06505112		93.34088302		0.69999524		0.15295269		0.32703712		0.52001019
0.50000000		0.02300000		5.30000019		9.00000000		0.59010106		0.00211462		0.41193747		0.00225209		7.81083384		0.02972584		18.96121255		0.12630539		13.23643414		0.06919115		92.05869406		0.79331432		0.15265904		0.32248255		0.52485841
0.50000000		0.04600000		5.30000019		9.00000000		0.58485996		0.00243558		0.41418227		0.00251705		7.83057920		0.02998238		18.90611864		0.13579820		13.38881058		0.07574137		91.29371219		0.85895620		0.15550522		0.32402315		0.52047162
0.50000000		0.06900000		5.30000019		9.00000000		0.58573452		0.00235844		0.41341017		0.00242310		7.90353598		0.03009363		19.11790397		0.13362316		13.49337570		0.07477611		92.48879313		0.84365899		0.15437090		0.32186693		0.52376218
0.50000000		0.09200000		5.30000019		9.00000000		0.58237159		0.00316507		0.41728840		0.00310583		7.80587044		0.02943071		18.70617633		0.15607287		13.40359082		0.08865889		89.65586494		1.00241844		0.15599674		0.31886999		0.52513327
0.50000000		0.11500000		5.30000019		9.00000000		0.58090504		0.00229157		0.41873908		0.00233945		7.89382807		0.02958258		18.85142445		0.12682042		13.58884416		0.07393859		90.03900281		0.78736876		0.15859543		0.31637230		0.52503226
0.50000000		0.13800000		5.30000019		9.00000000		0.57627675		0.00172067		0.42335678		0.00179159		7.86716192		0.02957160		18.58281781		0.10518239		13.65170793		0.06553431		87.78797771		0.62042293		0.16218062		0.31627251		0.52154687
0.50000000		0.16100000		5.30000019		9.00000000		0.56730891		0.00204542		0.43294813		0.00224925		7.89457320		0.02806971		18.23445485		0.11479320		13.91582793		0.07046632		84.23389967		0.68753674		0.16586037		0.30548178		0.52865785
0.50000000		0.18400000		5.30000019		9.00000000		0.56498219		0.00240891		0.43542794		0.00231084		7.85473459		0.02799962		18.03911467		0.11532591		13.90262335		0.07726409		82.85694548		0.68844388		0.16740737		0.30595014		0.52664248
0.50000000		0.20700000		5.30000019		9.00000000		0.55428736		0.00203039		0.44461063		0.00212915		7.93493666		0.02786348		17.84693431		0.10597993		14.31556499		0.07264155		80.28118635		0.61243303		0.17209187		0.29923683		0.52867130
0.50000000		0.25300000		5.30000019		9.00000000		0.54808092		0.00190638		0.45228863		0.00196133		7.98695166		0.02768114		17.65897069		0.09802972		14.57257758		0.07155449		78.08717499		0.55006563		0.17539599		0.29105949		0.53354452
0.50000000		0.29900000		5.30000019		9.00000000		0.53524829		0.00201437		0.46483824		0.00182696		7.95713252		0.02722126		17.11806790		0.08919574		14.86624550		0.07560856		73.65172009		0.48070346		0.18262031		0.28302884		0.53435085
0.50000000		0.34500000		5.30000019		9.00000000		0.52745942		0.00175387		0.47178445		0.00162043		8.11945481		0.02724360		17.21009426		0.08263605		15.39351545		0.07271682		72.95744640		0.43071120		0.18677008		0.27691913		0.53631079
0.50000000		0.39100000		5.30000019		9.00000000		0.51651214		0.00191134		0.48280572		0.00203065		8.14422704		0.02695114		16.86853875		0.09027561		15.76773600		0.07827623		69.87712845		0.47563018		0.19291917		0.27139550		0.53568533
0.50000000		0.43700000		5.30000019		9.00000000		0.50486202		0.00152058		0.49295882		0.00166340		8.28805101		0.02524559		16.81286701		0.07642780		16.41646759		0.07032226		68.21205540		0.38616820		0.19660724		0.26250438		0.54088838
0.50000000		0.50600000		5.30000019		9.00000000		0.48946503		0.00138093		0.50846099		0.00141293		8.40481343		0.02495115		16.52990824		0.06721593		17.17142794		0.07032481		65.01937693		0.32022904		0.20681597		0.25121176		0.54197227
0.50000000		0.57500000		5.30000019		9.00000000		0.48012623		0.00124550		0.51791003		0.00126677		8.59889944		0.02484171		16.60307581		0.06284773		17.90966386		0.06953783		64.11567629		0.28895558		0.21209575		0.24500953		0.54289472
0.50000000		0.69000000		5.30000019		9.00000000		0.46514367		0.00104211		0.53004528		0.00113333		9.04969995		0.02449906		17.07344700		0.05889856		19.45570925		0.06836738		64.42259835		0.26146638		0.22051378		0.23679029		0.54269593
0.50000000		0.80500000		5.30000019		9.00000000		0.45132521		0.00162819		0.54425421		0.00157181		9.57898586		0.02478192		17.60020524		0.06824195		21.22413186		0.09422108		64.67641333		0.31269122		0.22757783		0.22835340		0.54406877
0.50000000		0.92000000		5.30000019		9.00000000		0.44063187		0.00165825		0.55300894		0.00168986		10.13826232		0.02453379		18.33290844		0.07145985		23.00846369		0.10294521		66.30239408		0.32838924		0.23086480		0.22273990		0.54639529
0.50000000		1.03500000		5.30000019		9.00000000		0.43243489		0.00153511		0.56056205		0.00161311		10.70169695		0.02487288		19.09101228		0.07061821		24.74753334		0.10500611		68.11382379		0.31921869		0.23790262		0.21990698		0.54219040
0.50000000		1.15000000		5.30000019		9.00000000		0.42564765		0.00218828		0.56640027		0.00226505		11.42381151		0.04175771		20.16914910		0.10927428		26.83865750		0.16930031		71.21871278		0.47958142		0.24144257		0.21825225		0.54030518
0.50000000		1.26500000		5.30000019		9.00000000		0.42712526		0.00205551		0.56710253		0.00225217		12.09908645		0.04240691		21.33491885		0.11300770		28.32678717		0.16864360		75.24183977		0.49812302		0.24373057		0.22161273		0.53465669
0.50000000		1.38000000		5.30000019		9.00000000		0.42163292		0.00259206		0.57217143		0.00251049		12.68558005		0.04286259		22.17094294		0.12277987		30.08678768		0.21105937		77.49755378		0.54754912		0.24750519		0.22120679		0.53128803
0.50000000		1.49500000		5.30000019		9.00000000		0.42083836		0.00181143		0.57215497		0.00198884		13.53082403		0.04376341		23.64887947		0.11228614		32.15206915		0.17310944		82.66599270		0.48644566		0.24789955		0.22062567		0.53147478
0.50000000		1.61000000		5.30000019		9.00000000		0.41792030		0.00227159		0.57514529		0.00246502		14.42129838		0.04469475		25.07418301		0.13261887		34.50729362		0.21591056		87.19251725		0.59357017		0.25278525		0.22310196		0.52411279
0.50000000		1.72500000		5.30000019		9.00000000		0.41679328		0.00223437		0.57658214		0.00217244		15.41384214		0.04613959		26.73312474		0.12864312		36.98198373		0.22706823		92.72963243		0.56673451		0.25315402		0.22209123		0.52475475
0.50000000		1.84000000		5.30000019		9.00000000		0.42915679		0.00168220		0.56715552		0.00169448		16.26698163		0.04682423		28.68169519		0.11899246		37.90451843		0.18433591		101.14225952		0.51709491		0.25008279		0.23298770		0.51692951
0.50000000		1.95500000		5.30000019		9.00000000		0.42469223		0.00206518		0.56994888		0.00192198		17.37076123		0.04823625		30.47775291		0.13313835		40.90199883		0.22904162		106.94907498		0.59020465		0.25271502		0.23256015		0.51472483
0.50000000		2.07000000		5.30000019		9.00000000		0.43290035		0.00226558		0.56423589		0.00198293		18.39647910		0.04910453		32.60423434		0.14388605		42.49587526		0.24965859		115.56951643		0.65198263		0.25227663		0.23929263		0.50843074
0.50000000		2.18500000		5.30000019		9.00000000		0.43483873		0.00199640		0.56187152		0.00182711		19.29284603		0.05082935		34.33675711		0.14370500		44.36781911		0.23485484		122.22280602		0.64778069		0.25174322		0.24560381		0.50265298
0.50000000		2.30000000		5.30000019		9.00000000		0.43819833		0.00153512		0.55983475		0.00166701		20.78271222		0.05252798		37.12294083		0.14499223		47.42763948		0.20487976		132.62106714		0.65134765		0.25265383		0.24863872		0.49870744
0.50000000		2.41500000		5.30000019		9.00000000		0.44314413		0.00160199		0.55513770		0.00168780		21.63128689		0.05358123		38.96562405		0.15280884		48.81320848		0.21391271		140.38183355		0.69659306		0.25217332		0.25492419		0.49290249
0.50000000		2.53000000		5.30000019		9.00000000		0.44601368		0.00188896		0.55353096		0.00184972		22.86333497		0.05443828		41.30452802		0.16948020		51.26151075		0.24906094		149.24017313		0.78974683		0.25167550		0.25839770		0.48992680
0.50000000		2.64500000		5.30000019		9.00000000		0.45336436		0.00201561		0.54533433		0.00198046		24.30522807		0.05653293		44.56940726		0.19221233		53.61080489		0.26899655		163.45718359		0.92158329		0.25010701		0.26763791		0.48225508
