 0.50000000		0.00000000		5.30000019		7.19999981		0.42986504		0.00178307		0.56911579		0.00182979		17.26647870		0.05115016		30.33913113		0.13263757		40.16720865		0.20474071		106.61848240		0.57859590		0.37591783		0.32703712		0.29704505
0.50000000		0.02300000		5.30000019		7.19999981		0.42729197		0.00202221		0.57258688		0.00201834		17.27681371		0.05099939		30.17326177		0.13872783		40.43327461		0.22552730		105.39278148		0.61058842		0.37726578		0.32248255		0.30025167
0.50000000		0.06900000		5.30000019		7.19999981		0.42528082		0.00225195		0.57411694		0.00225715		17.38735783		0.05140398		30.28539438		0.14897558		40.88441615		0.24794803		105.50252911		0.66436395		0.37910631		0.32186693		0.29902677
0.50000000		0.11500000		5.30000019		7.19999981		0.41911315		0.00187714		0.58017701		0.00189966		17.29191959		0.05103328		29.80455845		0.13138016		41.25835639		0.22130060		102.74298346		0.56416908		0.38559073		0.31637230		0.29803696
0.50000000		0.16100000		5.30000019		7.19999981		0.40661491		0.00219522		0.59271650		0.00220495		17.10534020		0.04824941		28.85922719		0.13473084		42.06766588		0.25624453		97.37952990		0.58130203		0.39794147		0.30548178		0.29657675
0.50000000		0.20700000		5.30000019		7.19999981		0.39745693		0.00191727		0.60197597		0.00188455		16.83969566		0.04735054		27.97403309		0.11771424		42.36860504		0.23656701		92.94069717		0.48745412		0.40858782		0.29923683		0.29217536
0.50000000		0.25300000		5.30000019		7.19999981		0.38977925		0.00195782		0.60992199		0.00196293		16.83936933		0.04779283		27.60905406		0.11847096		43.20232347		0.24924685		90.53306587		0.48560273		0.41522618		0.29105949		0.29371434
0.50000000		0.29900000		5.30000019		7.19999981		0.37901513		0.00160855		0.62103586		0.00161168		16.60215273		0.04690056		26.73300191		0.10254896		43.80340360		0.22332087		86.09165365		0.39872622		0.42758158		0.28302884		0.28938958
0.50000000		0.34500000		5.30000019		7.19999981		0.37240506		0.00138307		0.62701752		0.00137275		16.63125198		0.04659213		26.52438165		0.09430715		44.65903835		0.20775465		84.60491400		0.35326691		0.43413218		0.27691913		0.28894869
0.50000000		0.39100000		5.30000019		7.19999981		0.36438340		0.00193026		0.63556481		0.00190622		16.31027486		0.04566449		25.66264605		0.10529214		44.76130078		0.26819571		80.75540211		0.41042184		0.44350857		0.27139550		0.28509593
0.50000000		0.43700000		5.30000019		7.19999981		0.35484334		0.00154763		0.64496354		0.00151314		16.30470277		0.04276748		25.28003789		0.08896393		45.94901753		0.23385531		78.39214548		0.33155754		0.45327158		0.26250438		0.28422404
0.50000000		0.50600000		5.30000019		7.19999981		0.34142355		0.00126329		0.65878299		0.00123627		16.12670829		0.04199312		24.47954553		0.07857193		47.23373214		0.21370879		74.31747865		0.27631480		0.46742647		0.25121176		0.28136177
0.50000000		0.57500000		5.30000019		7.19999981		0.33415725		0.00142670		0.66596258		0.00142657		16.18458268		0.04174438		24.30254069		0.08148170		48.43403085		0.24159621		72.98470348		0.29038364		0.47668200		0.24500953		0.27830847
0.50000000		0.69000000		5.30000019		7.19999981		0.32431859		0.00105097		0.67602512		0.00106611		16.30718360		0.04064424		24.12215635		0.07114654		50.28137230		0.20555959		71.36467478		0.23868379		0.48985288		0.23679029		0.27335683
0.50000000		0.80500000		5.30000019		7.19999981		0.31495988		0.00132140		0.68610246		0.00133022		16.42575902		0.03983687		23.94067938		0.07433543		52.15190893		0.25272867		69.78747565		0.25546338		0.50195362		0.22835340		0.26969299
0.50000000		0.92000000		5.30000019		7.19999981		0.30768039		0.00141896		0.69313485		0.00138958		16.71447900		0.03909320		24.11432507		0.07428435		54.32416155		0.28090866		69.58047250		0.25573713		0.51102262		0.22273990		0.26623747
0.50000000		1.03500000		5.30000019		7.19999981		0.30351677		0.00122697		0.69741387		0.00126604		17.06358803		0.03875718		24.46694679		0.07114133		56.21958798		0.26068484		70.16478412		0.24051157		0.51833688		0.21990698		0.26175614
0.50000000		1.15000000		5.30000019		7.19999981		0.30128181		0.00180339		0.70032309		0.00187220		17.59593358		0.06396080		25.12545131		0.11337054		58.40357019		0.40899980		71.75388570		0.37632483		0.52443136		0.21825225		0.25731639
0.50000000		1.26500000		5.30000019		7.19999981		0.30428928		0.00164517		0.69771519		0.00161858		17.99982113		0.06287396		25.79823598		0.10817699		59.15364848		0.38076093		73.95062150		0.35438066		0.52457288		0.22161273		0.25381439
0.50000000		1.38000000		5.30000019		7.19999981		0.30324021		0.00206776		0.69855899		0.00206984		18.48659701		0.06277109		26.46390240		0.11926034		60.96354067		0.46439151		75.76712252		0.40863874		0.52850783		0.22120679		0.25028539
0.50000000		1.49500000		5.30000019		7.19999981		0.30263046		0.00149050		0.69932908		0.00146646		19.40474353		0.06318481		27.74765726		0.10746539		64.12025993		0.37857843		79.35507955		0.34949592		0.53060160		0.22062567		0.24877273
0.50000000		1.61000000		5.30000019		7.19999981		0.30402716		0.00204115		0.69735483		0.00201675		20.10706911		0.06349531		28.83334015		0.12346511		66.13576612		0.49068031		82.69345467		0.42728929		0.53360695		0.22310196		0.24329109
0.50000000		1.72500000		5.30000019		7.19999981		0.30295644		0.00169347		0.69922103		0.00160868		21.18739688		0.06454339		30.30142955		0.11567494		69.93545627		0.44521024		86.67196237		0.38631023		0.53539523		0.22209123		0.24251354
0.50000000		1.84000000		5.30000019		7.19999981		0.31515740		0.00148009		0.68739408		0.00147696		22.27583149		0.06506611		32.40620204		0.11750745		70.68160785		0.39091231		94.28711394		0.39740734		0.52681523		0.23298770		0.24019707
0.50000000		1.95500000		5.30000019		7.19999981		0.31406798		0.00178039		0.68839224		0.00179983		23.33577735		0.06582318		33.89895492		0.13037722		74.30167547		0.47046355		98.48732511		0.45802355		0.52997010		0.23256015		0.23746975
0.50000000		2.07000000		5.30000019		7.19999981		0.32132532		0.00173565		0.68171315		0.00176059		24.61473729		0.06633988		36.10717708		0.13477967		76.60379046		0.46242453		105.93070493		0.48082949		0.52528441		0.23929263		0.23542296
0.50000000		2.18500000		5.30000019		7.19999981		0.32628038		0.00140843		0.67602059		0.00142114		25.42078915		0.06801483		37.60357238		0.12795137		77.91087367		0.39567560		111.24978439		0.44496136		0.52214994		0.24560381		0.23224625
0.50000000		2.30000000		5.30000019		7.19999981		0.32966748		0.00128671		0.67378255		0.00125895		27.17342269		0.06940040		40.32966204		0.12762319		82.42676229		0.38447186		119.71120889		0.43993334		0.52195552		0.24863872		0.22940576
0.50000000		2.41500000		5.30000019		7.19999981		0.33499421		0.00132099		0.66766916		0.00131157		28.31029969		0.07148518		42.40168847		0.13565085		84.50981799		0.39571537		127.01406942		0.47682994		0.51805197		0.25492419		0.22702384
0.50000000		2.53000000		5.30000019		7.19999981		0.33790472		0.00143224		0.66491209		0.00155746		29.70588708		0.07111954		44.67641308		0.14963875		87.91202183		0.42795674		134.38291745		0.54924666		0.51616156		0.25839770		0.22544074
0.50000000		2.64500000		5.30000019		7.19999981		0.34691438		0.00170132		0.65542375		0.00164029		31.46307434		0.07365456		48.00417170		0.16450376		90.69406239		0.49285307		146.48285644		0.62158778		0.50948210		0.26763791		0.22287999
