0.50000000		0.00000000		5.00000000		9.00000000		66.52729000             0.93429300
0.50000000		0.02300000		5.00000000		9.00000000		61.78830338		3.35132146
0.50000000		0.04600000		5.00000000		9.00000000		60.20600510		1.67409027
0.50000000		0.06900000		5.00000000		9.00000000		60.45130539		1.11886787
0.50000000		0.09200000		5.00000000		9.00000000		58.41683578		0.83907384
0.50000000		0.11500000		5.00000000		9.00000000		61.19083405		0.66960663
0.50000000		0.13800000		5.00000000		9.00000000		61.73983383		0.55824643
0.50000000		0.16100000		5.00000000		9.00000000		62.25329208		0.45772824
0.50000000		0.18400000		5.00000000		9.00000000		62.44190979		0.40144423
0.50000000		0.20700000		5.00000000		9.00000000		64.21515656		0.35539645
0.50000000		0.25299999		5.00000000		9.00000000		64.12842560		0.29197568
0.50000000		0.29899999		5.00000000		9.00000000		65.49051666		0.24744079
0.50000000		0.34500000		5.00000000		9.00000000		66.30935669		0.21402316
0.50000000		0.39100000		5.00000000		9.00000000		67.85299683		0.18892410
0.50000000		0.43700001		5.00000000		9.00000000		68.53447723		0.15914066
0.50000000		0.50599998		5.00000000		9.00000000		70.02442932		0.13740614
0.50000000		0.57499999		5.00000000		9.00000000		71.69269562		0.12110348
0.50000000		0.69000000		5.00000000		9.00000000		73.43509674		0.10109668
0.50000000		0.80500001		5.00000000		9.00000000		75.40135956		0.08672688
0.50000000		0.92000002		5.00000000		9.00000000		77.08149719		0.07598999
0.50000000		1.03499997		5.00000000		9.00000000		78.64836121		0.06761403
0.50000000		1.14999998		5.00000000		9.00000000		80.26892853		0.09761514
0.50000000		1.26499999		5.00000000		9.00000000		81.46249390		0.08903965
0.50000000		1.38000000		5.00000000		9.00000000		82.92428589		0.08175974
0.50000000		1.49500000		5.00000000		9.00000000		84.55173492		0.07563242
0.50000000		1.61000001		5.00000000		9.00000000		86.18286133		0.07036334
0.50000000		1.72500002		5.00000000		9.00000000		87.87786865		0.06604561
0.50000000		1.84000003		5.00000000		9.00000000		88.73839569		0.06205356
0.50000000		1.95500004		5.00000000		9.00000000		90.47602081		0.05864784
0.50000000		2.06999993		5.00000000		9.00000000		92.03577423		0.05567130
0.50000000		2.18499994		5.00000000		9.00000000		93.04107666		0.05296356
0.50000000		2.29999995		5.00000000		9.00000000		95.02014923		0.05058526
0.50000000		2.41499996		5.00000000		9.00000000		96.29161072		0.04851990
0.50000000		2.52999997		5.00000000		9.00000000		97.69435120		0.04660225
0.50000000		2.64499998		5.00000000		9.00000000		99.34998322		0.04470717
