0.50000000		0.00000000		5.00000000		9.00000000		78.39489700     1.28819500
0.50000000		0.02300000		5.00000000		9.00000000		76.04006195		6.06450701
0.50000000		0.06900000		5.00000000		9.00000000		77.54428101		2.01898050
0.50000000		0.11500000		5.00000000		9.00000000		75.62213135		1.21222818
0.50000000		0.16100000		5.00000000		9.00000000		77.22872162		0.85861272
0.50000000		0.20700000		5.00000000		9.00000000		76.80709076		0.67038244
0.50000000		0.25299999		5.00000000		9.00000000		76.06192780		0.55012625
0.50000000		0.29899999		5.00000000		9.00000000		77.22015381		0.46405628
0.50000000		0.34500000		5.00000000		9.00000000		76.92848206		0.40127289
0.50000000		0.39100000		5.00000000		9.00000000		75.91589355		0.35488337
0.50000000		0.43700001		5.00000000		9.00000000		76.29119110		0.29948527
0.50000000		0.50599998		5.00000000		9.00000000		76.81932068		0.25923485
0.50000000		0.57499999		5.00000000		9.00000000		76.46584320		0.22824103
0.50000000		0.69000000		5.00000000		9.00000000		75.97726440		0.19045554
0.50000000		0.80500001		5.00000000		9.00000000		76.64290619		0.16346404
0.50000000		0.92000002		5.00000000		9.00000000		76.50547028		0.14328204
0.50000000		1.03499997		5.00000000		9.00000000		76.81871033		0.12789240
0.50000000		1.14999998		5.00000000		9.00000000		77.44654846		0.15149702
0.50000000		1.26499999		5.00000000		9.00000000		77.48223877		0.13860537
0.50000000		1.38000000		5.00000000		9.00000000		78.11426544		0.12725444
0.50000000		1.49500000		5.00000000		9.00000000		79.08577728		0.11702452
0.50000000		1.61000001		5.00000000		9.00000000		79.76294708		0.10911176
0.50000000		1.72500002		5.00000000		9.00000000		80.98824310		0.10212604
0.50000000		1.84000003		5.00000000		9.00000000		82.06226349		0.09643202
0.50000000		1.95500004		5.00000000		9.00000000		83.18798828		0.10529978
0.50000000		2.06999993		5.00000000		9.00000000		84.03007507		0.09987459
0.50000000		2.18499994		5.00000000		9.00000000		85.18658447		0.09506045
0.50000000		2.29999995		5.00000000		9.00000000		86.68280029		0.09053322
0.50000000		2.41499996		5.00000000		9.00000000		88.31143188		0.08699143
0.50000000		2.52999997		5.00000000		9.00000000		89.66270447		0.08333225
0.50000000		2.64499998		5.00000000		9.00000000		91.68605804		0.07993063