0.50000000		0.00000000		5.00000000		9.00000000		71.69961500             1.31614500
0.50000000		0.02300000		5.00000000		9.00000000		61.40543365		5.24950266
0.50000000		0.04600000		5.00000000		9.00000000		64.82986450		2.62120724
0.50000000		0.06900000		5.00000000		9.00000000		65.37681580		1.75590003
0.50000000		0.09200000		5.00000000		9.00000000		68.73805237		1.31967580
0.50000000		0.11500000		5.00000000		9.00000000		65.34722137		1.05161381
0.50000000		0.13800000		5.00000000		9.00000000		66.92358398		0.87529624
0.50000000		0.16100000		5.00000000		9.00000000		68.47214508		0.66125131
0.50000000		0.18400000		5.00000000		9.00000000		68.14759064		0.57712287
0.50000000		0.20700000		5.00000000		9.00000000		69.16139221		0.51151943
0.50000000		0.25299999		5.00000000		9.00000000		69.33816528		0.42068368
0.50000000		0.29899999		5.00000000		9.00000000		70.56616211		0.35482091
0.50000000		0.34500000		5.00000000		9.00000000		71.27841949		0.30823150
0.50000000		0.39100000		5.00000000		9.00000000		72.53244781		0.27183747
0.50000000		0.43700001		5.00000000		9.00000000		73.15549469		0.24216647
0.50000000		0.50599998		5.00000000		9.00000000		73.72956848		0.20990522
0.50000000		0.57499999		5.00000000		9.00000000		76.06237030		0.18481417
0.50000000		0.69000000		5.00000000		9.00000000		78.52133179		0.15374720
0.50000000		0.80500001		5.00000000		9.00000000		79.72280121		0.13191374
0.50000000		0.92000002		5.00000000		9.00000000		81.58385468		0.11550687
0.50000000		1.03499997		5.00000000		9.00000000		83.05912781		0.10344438
