0.50000000		0.00000000		4.30000019		7.00000000		0.00792286		0.00035200		0.99152525		0.00039483		0.61076665		0.01424327		0.61598698		0.01436710		77.08920847		3.86811828		1.24250386		0.02898403
0.50000000		0.00000000		4.30000019		7.30000019		0.01079905		0.00044391		0.98878682		0.00057303		0.60605895		0.01405129		0.61293187		0.01421508		56.12148769		2.64859432		1.23976544		0.02876154
0.50000000		0.00000000		4.30000019		7.59999990		0.01496449		0.00071210		0.98486427		0.00068987		0.60431503		0.01398980		0.61360235		0.01421130		40.38327982		2.13700586		1.24606481		0.02887260
0.50000000		0.00000000		4.30000019		7.90000010		0.02035744		0.00085029		0.97962202		0.00091027		0.59633440		0.01374841		0.60873927		0.01404580		29.29318479		1.39753243		1.24280438		0.02869919
0.50000000		0.00000000		4.30000019		8.19999981		0.02622119		0.00116086		0.97254611		0.00113245		0.59041413		0.01362653		0.60708086		0.01402901		22.51667994		1.12418258		1.24843614		0.02888667
0.50000000		0.00000000		4.30000019		8.50000000		0.03644168		0.00169937		0.96413626		0.00141538		0.58472080		0.01351862		0.60647112		0.01404972		16.04538314		0.83515074		1.25806102		0.02920314
0.50000000		0.00000000		4.30000019		8.80000019		0.04837630		0.00202151		0.95322168		0.00211725		0.57048142		0.01327133		0.59847718		0.01398592		11.79257986		0.56399559		1.25569359		0.02947677
0.50000000		0.00000000		4.30000019		9.10000038		0.06489625		0.00259166		0.93833117		0.00290627		0.55893337		0.01313902		0.59566749		0.01412356		8.61272148		0.39911648		1.26963168		0.03035932
0.50000000		0.00000000		4.30000019		9.39999962		0.08543553		0.00375258		0.91967991		0.00394349		0.54681891		0.01298566		0.59457525		0.01434808		6.40036865		0.31958146		1.29300476		0.03169108
0.50000000		0.00000000		4.30000019		9.69999981		0.10445726		0.00437631		0.90189113		0.00422504		0.53728994		0.01286541		0.59573702		0.01453537		5.14363439		0.24820987		1.32108410		0.03282184
0.50000000		0.00000000		4.30000019		10.00000000		0.12307914		0.00454668		0.87905188		0.00531021		0.52570613		0.01273603		0.59803766		0.01493198		4.27128533		0.18869075		1.36064248		0.03495309
0.50000000		0.00000000		4.30000019		10.30000019		0.14548210		0.00586615		0.85897863		0.00674016		0.51323370		0.01260266		0.59749298		0.01540256		3.52781334		0.16655028		1.39117077		0.03748707
0.50000000		0.00000000		4.30000019		10.60000038		0.17065566		0.00667451		0.83511829		0.00757160		0.49707323		0.01240297		0.59521296		0.01580180		2.91272621		0.13512883		1.42545783		0.03998925
0.50000000		0.00000000		4.30000019		10.89999962		0.19278519		0.00719809		0.81303468		0.00892523		0.48824875		0.01229093		0.60052635		0.01649223		2.53260514		0.11404551		1.47724659		0.04369065
0.50000000		0.00000000		4.30000019		11.19999981		0.22209348		0.00731312		0.78878279		0.00907650		0.47245225		0.01210376		0.59896369		0.01682165		2.12726755		0.08875050		1.51870375		0.04609345
0.50000000		0.00000000		4.50000000		7.00000000		0.05247160		0.00095109		0.94819167		0.00087887		4.41642775		0.03748773		4.65773733		0.03977104		84.16795745		1.68460691		9.82446367		0.08438098
0.50000000		0.00000000		4.50000000		7.30000019		0.07121476		0.00137768		0.93043334		0.00117846		4.20204888		0.03539954		4.51622774		0.03847389		59.00530824		1.24502195		9.70779426		0.08361005
0.50000000		0.00000000		4.50000000		7.59999990		0.09408157		0.00184652		0.90602172		0.00167058		3.97848448		0.03336375		4.39115794		0.03770406		42.28760743		0.90255748		9.69327298		0.08512734
0.50000000		0.00000000		4.50000000		7.90000010		0.12209038		0.00244227		0.87828555		0.00218129		3.75853634		0.03153840		4.27940130		0.03744888		30.78486775		0.66779985		9.74489739		0.08864509
0.50000000		0.00000000		4.50000000		8.19999981		0.15446155		0.00292128		0.84606733		0.00267512		3.55104249		0.03020870		4.19711571		0.03809126		22.98981575		0.47675874		9.92146974		0.09535114
0.50000000		0.00000000		4.50000000		8.50000000		0.19409071		0.00352010		0.80559096		0.00347022		3.29616609		0.02878875		4.09161259		0.03984630		16.98260637		0.34185690		10.15804002		0.10817004
0.50000000		0.00000000		4.50000000		8.80000019		0.23795687		0.00409764		0.76401310		0.00409573		3.05876950		0.02759438		4.00355634		0.04201330		12.85430220		0.24988886		10.48033424		0.12350008
0.50000000		0.00000000		4.50000000		9.10000038		0.29177740		0.00506316		0.71202849		0.00464610		2.77968083		0.02645341		3.90388987		0.04504646		9.52671736		0.18854443		10.96554394		0.14535991
0.50000000		0.00000000		4.50000000		9.39999962		0.34641911		0.00549715		0.66187602		0.00495448		2.52231495		0.02528066		3.81085714		0.04767221		7.28110801		0.13665733		11.51532020		0.16787205
0.50000000		0.00000000		4.50000000		9.69999981		0.39541180		0.00482630		0.61399791		0.00530757		2.28496595		0.02427568		3.72145556		0.05097103		5.77869948		0.09350997		12.12204631		0.19633171
0.50000000		0.00000000		4.50000000		10.00000000		0.43924655		0.00549273		0.56477258		0.00606796		2.08252880		0.02344047		3.68737592		0.05737721		4.74113871		0.07976743		13.05791416		0.24691632
0.50000000		0.00000000		4.50000000		10.30000019		0.48332727		0.00558594		0.52199909		0.00657799		1.89653790		0.02255720		3.63322073		0.06295680		3.92392070		0.06507497		13.92041031		0.29825482
0.50000000		0.00000000		4.50000000		10.60000038		0.52402071		0.00575979		0.48233453		0.00647556		1.72765217		0.02169837		3.58185467		0.06584992		3.29691582		0.05502531		14.85215959		0.33810300
0.50000000		0.00000000		4.50000000		10.89999962		0.56185401		0.00648984		0.44450695		0.00656122		1.57546072		0.02087767		3.54428820		0.07030632		2.80403931		0.04929290		15.94705429		0.39430353
0.50000000		0.00000000		4.50000000		11.19999981		0.59781463		0.00636748		0.40606109		0.00660941		1.42675150		0.02001171		3.51363757		0.07549556		2.38661190		0.04203282		17.30595548		0.46649220
0.50000000		0.00000000		4.69999981		7.00000000		0.10448918		0.00115927		0.89588860		0.00123439		10.13658078		0.05801915		11.31455493		0.06661155		97.01081658		1.21109328		25.25884342		0.15272329
0.50000000		0.00000000		4.69999981		7.30000019		0.13563938		0.00156711		0.86492489		0.00157904		9.24472157		0.05227919		10.68846754		0.06351533		68.15661719		0.87671656		24.71536596		0.15364385
0.50000000		0.00000000		4.69999981		7.59999990		0.17319932		0.00200002		0.82674436		0.00199065		8.36105836		0.04747681		10.11323304		0.06237576		48.27419867		0.62119891		24.46520002		0.16198582
0.50000000		0.00000000		4.69999981		7.90000010		0.21503943		0.00230494		0.78356056		0.00250430		7.56329192		0.04338826		9.65246639		0.06338689		35.17165113		0.42759196		24.63744843		0.17993609
0.50000000		0.00000000		4.69999981		8.19999981		0.26241394		0.00294861		0.73805457		0.00289590		6.81744806		0.04012672		9.23705142		0.06534130		25.97974825		0.32954584		25.03080869		0.20247802
0.50000000		0.00000000		4.69999981		8.50000000		0.31295755		0.00332592		0.68696068		0.00346785		6.08398943		0.03745054		8.85638671		0.07050409		19.44030274		0.23875403		25.78426095		0.24305410
0.50000000		0.00000000		4.69999981		8.80000019		0.36551994		0.00340183		0.63375033		0.00382090		5.40896112		0.03501291		8.53484549		0.07549874		14.79799182		0.16775888		26.93440972		0.28833653
0.50000000		0.00000000		4.69999981		9.10000038		0.42178667		0.00394531		0.57621324		0.00417520		4.72490731		0.03312974		8.19992840		0.08268018		11.20212567		0.13095375		28.46143695		0.35339318
0.50000000		0.00000000		4.69999981		9.39999962		0.47846778		0.00415013		0.52405628		0.00438293		4.14005592		0.03123218		7.90002152		0.08897894		8.65273719		0.09946702		30.14951554		0.42295971
0.50000000		0.00000000		4.69999981		9.69999981		0.52503672		0.00382580		0.47558554		0.00483485		3.65580313		0.02985558		7.68695181		0.10023841		6.96294756		0.07620855		32.32626376		0.53450200
0.50000000		0.00000000		4.69999981		10.00000000		0.57055517		0.00385257		0.43271735		0.00536951		3.23415407		0.02859839		7.47405678		0.11388328		5.66843357		0.06306642		34.54475178		0.67882787
0.50000000		0.00000000		4.69999981		10.30000019		0.61006905		0.00411659		0.39559128		0.00529194		2.89199292		0.02747545		7.31055783		0.11994924		4.74043537		0.05524024		36.96015666		0.78244175
0.50000000		0.00000000		4.69999981		10.60000038		0.64289923		0.00483011		0.36072366		0.00534452		2.59828557		0.02628142		7.20298080		0.12921846		4.04151295		0.05092253		39.93628173		0.92919108
0.50000000		0.00000000		4.69999981		10.89999962		0.67556730		0.00501607		0.32941200		0.00541796		2.31961282		0.02510175		7.04167679		0.13863731		3.43357774		0.04506178		42.75300733		1.09679422
0.50000000		0.00000000		4.69999981		11.19999981		0.70500728		0.00530885		0.29842695		0.00546380		2.07403316		0.02398349		6.94988569		0.15049780		2.94186061		0.04059588		46.57679732		1.32079048
0.50000000		0.00000000		4.90000010		7.00000000		0.15018583		0.00155846		0.85013934		0.00145552		16.88682465		0.07966059		19.86359636		0.09968363		112.43953199		1.28167557		46.73021348		0.24778343
0.50000000		0.00000000		4.90000010		7.30000019		0.18827600		0.00185479		0.81154341		0.00186511		14.76337856		0.06878301		18.19173001		0.09450669		78.41348977		0.85451822		44.83242631		0.25467916
0.50000000		0.00000000		4.90000010		7.59999990		0.23254819		0.00227241		0.76706223		0.00218566		12.93526508		0.06092348		16.86338424		0.09282818		55.62401909		0.60338813		43.96875153		0.27253862
0.50000000		0.00000000		4.90000010		7.90000010		0.27923092		0.00252489		0.71874381		0.00266111		11.35004513		0.05447939		15.79150312		0.09572757		40.64752306		0.41612175		43.94195229		0.31212889
0.50000000		0.00000000		4.90000010		8.19999981		0.32859553		0.00315225		0.66944031		0.00326961		9.97990501		0.04980092		14.90783410		0.10409439		30.37139633		0.32841707		44.53820299		0.37951706
0.50000000		0.00000000		4.90000010		8.50000000		0.38045077		0.00363279		0.61662651		0.00373126		8.72844137		0.04597968		14.15515111		0.11356403		22.94236720		0.25019411		45.91158823		0.46136264
0.50000000		0.00000000		4.90000010		8.80000019		0.43487738		0.00387006		0.56419740		0.00397428		7.57083591		0.04246882		13.41877123		0.12083355		17.40912770		0.18313760		47.56764606		0.54382648
0.50000000		0.00000000		4.90000010		9.10000038		0.48932197		0.00384566		0.50882519		0.00417225		6.50578159		0.04000688		12.78588730		0.13104862		13.29550279		0.13267685		50.25650236		0.65965921
0.50000000		0.00000000		4.90000010		9.39999962		0.54014747		0.00454970		0.45992696		0.00455928		5.63986807		0.03786459		12.26252995		0.14681425		10.44134870		0.11246766		53.32381493		0.82885790
0.50000000		0.00000000		4.90000010		9.69999981		0.58448522		0.00500124		0.41567047		0.00460592		4.93397404		0.03594421		11.86991703		0.15740689		8.44157194		0.09486477		57.11214901		0.98696014
0.50000000		0.00000000		4.90000010		10.00000000		0.62159176		0.00507820		0.37788892		0.00451416		4.36265686		0.03435577		11.54481278		0.16518180		7.01852430		0.07964045		61.10162069		1.13887886
0.50000000		0.00000000		4.90000010		10.30000019		0.65475457		0.00516186		0.34626083		0.00485023		3.89504231		0.03284808		11.24886781		0.18392123		5.94885854		0.06867585		64.97337748		1.39887152
0.50000000		0.00000000		4.90000010		10.60000038		0.68254513		0.00555056		0.31725352		0.00467925		3.49604618		0.03138292		11.01972397		0.19026845		5.12207331		0.06204113		69.46951501		1.57752479
0.50000000		0.00000000		4.90000010		10.89999962		0.71041232		0.00541497		0.29034061		0.00468201		3.11665554		0.02987216		10.73448030		0.20137154		4.38710796		0.05372472		73.94405044		1.82921189
0.50000000		0.00000000		4.90000010		11.19999981		0.73653010		0.00524451		0.26512898		0.00460910		2.77429063		0.02840600		10.46392814		0.21111563		3.76670369		0.04697668		78.93462277		2.10219544
0.50000000		0.00000000		5.09999990		7.00000000		0.18899807		0.00169770		0.81073441		0.00159169		24.93070361		0.10363177		30.75076534		0.14136443		131.90983093		1.30561550		75.85903581		0.37920249
0.50000000		0.00000000		5.09999990		7.30000019		0.23160115		0.00225306		0.76762770		0.00199358		21.21664878		0.08783146		27.63924326		0.13507146		91.60856510		0.96851880		72.01210486		0.39852693
0.50000000		0.00000000		5.09999990		7.59999990		0.27869102		0.00260187		0.72050883		0.00243291		18.11932834		0.07655042		25.14796167		0.13600996		65.01583173		0.66624652		69.80611692		0.44507884
0.50000000		0.00000000		5.09999990		7.90000010		0.32674486		0.00280579		0.67107540		0.00287978		15.60038112		0.06805726		23.24683811		0.14225636		47.74483990		0.45986457		69.28234355		0.51782243
0.50000000		0.00000000		5.09999990		8.19999981		0.37703513		0.00329014		0.62171755		0.00344973		13.52433441		0.06213669		21.75318091		0.15670910		35.87022313		0.35375053		69.97769583		0.63631742
0.50000000		0.00000000		5.09999990		8.50000000		0.42754489		0.00342965		0.57117202		0.00384541		11.70458738		0.05712382		20.49222806		0.17040036		27.37627716		0.25705573		71.75501321		0.76771716
0.50000000		0.00000000		5.09999990		8.80000019		0.47939580		0.00385674		0.52040281		0.00377846		10.07176725		0.05286514		19.35379120		0.17339466		21.00929410		0.20181202		74.38004163		0.85774241
0.50000000		0.00000000		5.09999990		9.10000038		0.52987028		0.00423682		0.46818485		0.00430495		8.60779162		0.04975884		18.38545509		0.19968658		16.24509237		0.16028532		78.53929882		1.11766561
0.50000000		0.00000000		5.09999990		9.39999962		0.57725182		0.00415684		0.42310802		0.00426166		7.46124924		0.04711167		17.63438381		0.20963402		12.92546673		0.12379093		83.35641460		1.29878467
0.50000000		0.00000000		5.09999990		9.69999981		0.61697201		0.00439036		0.38348688		0.00455174		6.53408846		0.04484785		17.03862340		0.23361671		10.59057521		0.10470608		88.86157236		1.61149302
0.50000000		0.00000000		5.09999990		10.00000000		0.64981543		0.00433810		0.34921064		0.00461661		5.78507562		0.04278040		16.56614929		0.25094136		8.90264430		0.08869333		94.87768885		1.90755742
0.50000000		0.00000000		5.09999990		10.30000019		0.67792452		0.00437779		0.32116810		0.00471124		5.19093903		0.04088125		16.16268557		0.26910057		7.65710467		0.07798402		100.64938279		2.23339122
0.50000000		0.00000000		5.09999990		10.60000038		0.70325450		0.00451649		0.29591720		0.00464906		4.65629392		0.03910938		15.73512403		0.28032039		6.62106521		0.07000600		106.34815273		2.52607018
0.50000000		0.00000000		5.09999990		10.89999962		0.72668158		0.00456438		0.27121436		0.00451274		4.16489656		0.03721757		15.35647481		0.29003360		5.73139142		0.06260215		113.24234114		2.85039063
0.50000000		0.00000000		5.09999990		11.19999981		0.75006362		0.00453828		0.24925066		0.00482484		3.68623347		0.03497592		14.78926252		0.31882258		4.91456106		0.05530484		118.66979552		3.43823572
0.50000000		0.00000000		5.30000019		7.00000000		0.22501908		0.00195816		0.77481791		0.00195302		34.62906922		0.12795240		44.69317076		0.19990446		153.89392657		1.45493624		115.36432004		0.59229914
0.50000000		0.00000000		5.30000019		7.30000019		0.27032651		0.00224703		0.72916737		0.00217957		28.73275294		0.10688958		39.40488041		0.18804927		106.28907024		0.96794921		108.08185376		0.60861745
0.50000000		0.00000000		5.30000019		7.59999990		0.31835888		0.00241021		0.68138449		0.00235518		24.17096141		0.09262926		35.47330745		0.18306870		75.92362784		0.64424343		104.12126522		0.64672977
0.50000000		0.00000000		5.30000019		7.90000010		0.36654574		0.00251227		0.63257096		0.00259943		20.52858187		0.08176200		32.45261487		0.18571678		56.00551281		0.44396106		102.60545209		0.72288244
0.50000000		0.00000000		5.30000019		8.19999981		0.41473119		0.00267735		0.58500074		0.00271637		17.64941794		0.07450473		30.16990718		0.18932873		42.55628348		0.32824940		103.14485185		0.80520221
0.50000000		0.00000000		5.30000019		8.50000000		0.46359545		0.00288290		0.53647192		0.00293442		15.13915145		0.06820816		28.21983949		0.19997912		32.65595333		0.25076997		105.20528098		0.94179252
0.50000000		0.00000000		5.30000019		8.80000019		0.51187923		0.00307983		0.48875153		0.00312459		12.98369391		0.06351375		26.56501960		0.21384477		25.36476024		0.19668824		108.70562280		1.11745358
0.50000000		0.00000000		5.30000019		9.10000038		0.55767205		0.00310575		0.44107798		0.00313248		11.18057548		0.05979760		25.34829681		0.22535975		20.04865667		0.15480363		114.93793894		1.30786126
0.50000000		0.00000000		5.30000019		9.39999962		0.60063555		0.00344471		0.39813671		0.00330244		9.68950039		0.05648294		24.33711857		0.24673483		16.13207939		0.13192063		122.25508363		1.60142940
0.50000000		0.00000000		5.30000019		9.69999981		0.63587685		0.00357936		0.36271955		0.00353109		8.55672827		0.05404715		23.59048005		0.27375871		13.45658091		0.11385083		130.07559231		1.97028523
0.50000000		0.00000000		5.30000019		10.00000000		0.66593199		0.00347129		0.33185266		0.00334020		7.58140651		0.05141852		22.84570035		0.27727999		11.38465587		0.09738379		137.68580368		2.17098307
0.50000000		0.00000000		5.30000019		10.30000019		0.69128055		0.00363477		0.30646629		0.00359558		6.81337917		0.04918408		22.23206714		0.30625391		9.85617080		0.08802236		145.08654120		2.62525950
0.50000000		0.00000000		5.30000019		10.60000038		0.71461972		0.00370789		0.28444652		0.00367259		6.14021605		0.04712940		21.58653945		0.32424175		8.59228462		0.07960536		151.77924731		3.00630303
0.50000000		0.00000000		5.30000019		10.89999962		0.73534397		0.00360235		0.26294986		0.00372605		5.54987555		0.04523887		21.10621247		0.34503220		7.54731900		0.07177619		160.53412407		3.47300407
0.50000000		0.00000000		5.30000019		11.19999981		0.75749461		0.00373251		0.24157059		0.00386948		4.93760852		0.04288327		20.43960920		0.37243080		6.51834148		0.06508862		169.22266025		4.10546300
0.50000000		0.00000000		5.50000000		7.00000000		0.25986005		0.00191657		0.74019642		0.00185552		46.81850786		0.15677631		63.25146508		0.26457820		180.16816091		1.45935976		170.90454259		0.83343207
0.50000000		0.00000000		5.50000000		7.30000019		0.30660009		0.00217145		0.69360306		0.00207631		38.02360557		0.12994359		54.82041198		0.24905659		124.01694390		0.97524069		158.07430802		0.86003519
0.50000000		0.00000000		5.50000000		7.59999990		0.35445367		0.00243157		0.64596746		0.00238402		31.48076710		0.11170203		48.73429280		0.24950262		88.81490032		0.68595121		150.88776508		0.95228598
0.50000000		0.00000000		5.50000000		7.90000010		0.40154521		0.00259296		0.59882166		0.00266363		26.42626725		0.09854471		44.13044663		0.25615256		65.81143664		0.49074568		147.39095016		1.07784305
0.50000000		0.00000000		5.50000000		8.19999981		0.44723435		0.00283892		0.55378026		0.00288249		22.59495260		0.08992730		40.80129643		0.26734458		50.52150511		0.37852011		147.35554613		1.23309855
0.50000000		0.00000000		5.50000000		8.50000000		0.49241611		0.00289425		0.50824651		0.00308558		19.33007870		0.08273944		38.03288046		0.28251732		39.25557698		0.28542896		149.66312542		1.43579983
0.50000000		0.00000000		5.50000000		8.80000019		0.53691729		0.00292245		0.46466213		0.00318388		16.62682444		0.07759501		35.78261141		0.29665051		30.96719903		0.22202837		154.01561302		1.65651211
0.50000000		0.00000000		5.50000000		9.10000038		0.57825969		0.00292116		0.42171197		0.00321228		14.42401030		0.07349058		34.20346443		0.31344568		24.94382798		0.17896776		162.21244369		1.93301225
0.50000000		0.00000000		5.50000000		9.39999962		0.61731179		0.00299101		0.38310129		0.00324180		12.58921868		0.06976824		32.86133161		0.33240043		20.39361443		0.15012372		171.55427082		2.26245986
0.50000000		0.00000000		5.50000000		9.69999981		0.64917662		0.00304480		0.35092770		0.00330682		11.19438204		0.06637403		31.89939682		0.35514498		17.24396978		0.13036502		181.80039134		2.65169568
0.50000000		0.00000000		5.50000000		10.00000000		0.67533285		0.00291227		0.32335482		0.00325890		10.05701068		0.06375618		31.10208999		0.37031535		14.89193173		0.11417873		192.37127853		3.00085600
0.50000000		0.00000000		5.50000000		10.30000019		0.69840596		0.00310524		0.30070425		0.00322052		9.11544917		0.06113857		30.31366961		0.38306681		13.05179184		0.10502775		201.61783541		3.33974406
0.50000000		0.00000000		5.50000000		10.60000038		0.71858082		0.00318479		0.28067277		0.00316175		8.28957581		0.05908823		29.53466337		0.39371699		11.53603819		0.09682832		210.45620671		3.67307981
0.50000000		0.00000000		5.50000000		10.89999962		0.73763798		0.00319532		0.26055143		0.00319803		7.51299358		0.05643464		28.83497304		0.41494060		10.18520441		0.08831749		221.33804888		4.18633673
0.50000000		0.00000000		5.50000000		11.19999981		0.75750815		0.00313000		0.24122368		0.00295310		6.74825769		0.05354971		27.97510480		0.40812993		8.90849522		0.07970129		231.94327312		4.41735093
0.50000000		0.00000000		5.69999981		7.00000000		0.29348621		0.00177140		0.70685669		0.00181014		61.76340931		0.18930978		87.37755559		0.34899142		210.44740002		1.42460060		247.22849032		1.17297755
0.50000000		0.00000000		5.69999981		7.30000019		0.34019965		0.00200984		0.66034054		0.00203944		49.08897418		0.15333678		74.33887729		0.32654842		144.29460323		0.96428811		225.15315380		1.20902097
0.50000000		0.00000000		5.69999981		7.59999990		0.38611944		0.00222139		0.61432250		0.00223722		40.09404744		0.13158502		65.26547085		0.31995670		103.83845815		0.68776297		212.47950542		1.29762021
0.50000000		0.00000000		5.69999981		7.90000010		0.43062734		0.00239613		0.56955883		0.00237171		33.48151131		0.11659354		58.78499242		0.31910310		77.75054711		0.51036407		206.42290022		1.41224768
0.50000000		0.00000000		5.69999981		8.19999981		0.47327782		0.00259123		0.52744388		0.00255086		28.53969867		0.10732594		54.10945076		0.33149006		60.30221008		0.40053740		205.17614399		1.60143639
0.50000000		0.00000000		5.69999981		8.50000000		0.51473208		0.00296647		0.48552398		0.00277285		24.44339228		0.09942818		50.34435608		0.35299321		47.48760214		0.33498036		207.38154176		1.87537878
0.50000000		0.00000000		5.69999981		8.80000019		0.55489062		0.00293886		0.44563497		0.00282821		21.12982207		0.09314235		47.41508915		0.36638414		38.07925595		0.26239368		212.79788082		2.12783804
0.50000000		0.00000000		5.69999981		9.10000038		0.59263938		0.00313075		0.40705656		0.00302853		18.48838309		0.08824333		45.41969080		0.40148333		31.19668356		0.22210586		223.16157151		2.57835890
0.50000000		0.00000000		5.69999981		9.39999962		0.62800312		0.00327182		0.37239786		0.00306654		16.29034928		0.08391681		43.74447592		0.42489444		25.93991787		0.19005130		234.93408764		2.99162983
0.50000000		0.00000000		5.69999981		9.69999981		0.65721147		0.00348548		0.34270421		0.00317634		14.57010886		0.08049385		42.51511466		0.45874097		22.16959021		0.16977854		248.11550713		3.52926364
0.50000000		0.00000000		5.69999981		10.00000000		0.68084658		0.00360787		0.31783553		0.00317181		13.21154450		0.07776443		41.56723548		0.48159646		19.40458371		0.15368456		261.56443180		3.99965241
0.50000000		0.00000000		5.69999981		10.30000019		0.70240682		0.00355677		0.29708290		0.00322421		12.05960089		0.07478321		40.59338623		0.50740049		17.16896902		0.13745365		273.27985749		4.52379444
0.50000000		0.00000000		5.69999981		10.60000038		0.72116891		0.00344847		0.27815508		0.00310590		11.04156619		0.07199146		39.69572039		0.51327708		15.31065190		0.12379521		285.42150470		4.87623024
0.50000000		0.00000000		5.69999981		10.89999962		0.73783114		0.00342334		0.26012331		0.00310841		10.12226995		0.06887066		38.91335266		0.53509646		13.71895189		0.11297945		299.19158898		5.45059244
0.50000000		0.00000000		5.69999981		11.19999981		0.75601727		0.00345894		0.24286216		0.00316160		9.13678016		0.06513930		37.62125849		0.55839144		12.08541195		0.10237722		309.81572605		6.11655572
0.50000000		0.00000000		5.90000010		7.00000000		0.32491188		0.00201794		0.67468111		0.00204211		79.05599972		0.22415072		117.17535630		0.48596750		243.31520203		1.66118786		347.35033831		1.78343022
0.50000000		0.00000000		5.90000010		7.30000019		0.37018928		0.00224557		0.62933434		0.00228620		61.50657096		0.17846542		97.73274167		0.45438735		166.14898028		1.11722769		310.59084078		1.83255465
0.50000000		0.00000000		5.90000010		7.59999990		0.41406445		0.00238795		0.58578136		0.00241653		49.61193177		0.15206294		84.69359886		0.43526885		119.81693073		0.78252312		289.16453899		1.90565857
0.50000000		0.00000000		5.90000010		7.90000010		0.45578211		0.00252943		0.54426453		0.00258995		41.18221271		0.13454725		75.66580254		0.43676027		90.35504414		0.58188026		278.04788999		2.08003534
0.50000000		0.00000000		5.90000010		8.19999981		0.49498148		0.00271033		0.50561371		0.00273503		35.09529826		0.12345719		69.41128632		0.44788012		70.90224576		0.46144845		274.56251447		2.31181339
0.50000000		0.00000000		5.90000010		8.50000000		0.53284111		0.00289721		0.46737634		0.00298195		30.15114085		0.11433166		64.51148338		0.47880294		56.58561257		0.37510347		276.05797797		2.70188254
0.50000000		0.00000000		5.90000010		8.80000019		0.56963268		0.00300244		0.43043874		0.00313461		26.17654819		0.10718468		60.81364392		0.50807337		45.95338243		0.30671275		282.56584941		3.13166705
0.50000000		0.00000000		5.90000010		9.10000038		0.60444577		0.00323207		0.39584022		0.00340704		23.05519968		0.10227913		58.24370137		0.56398055		38.14270966		0.26500972		294.27884360		3.81252962
0.50000000		0.00000000		5.90000010		9.39999962		0.63616751		0.00325566		0.36413755		0.00342778		20.50116934		0.09774398		56.30061887		0.59408103		32.22605522		0.22540109		309.22720871		4.37265053
0.50000000		0.00000000		5.90000010		9.69999981		0.66267315		0.00336246		0.33764064		0.00358500		18.55245354		0.09415111		54.94733491		0.64663373		27.99638642		0.20091286		325.47820237		5.15889625
0.50000000		0.00000000		5.90000010		10.00000000		0.68436734		0.00315144		0.31527595		0.00352916		16.97231841		0.09111099		53.83321581		0.66831397		24.80001215		0.17540234		341.49902853		5.70848414
0.50000000		0.00000000		5.90000010		10.30000019		0.70365704		0.00323280		0.29644890		0.00348568		15.61349670		0.08789566		52.66842528		0.68659924		22.18907211		0.16123125		355.32886397		6.23799228
0.50000000		0.00000000		5.90000010		10.60000038		0.72093374		0.00316548		0.27929006		0.00337010		14.40465438		0.08502169		51.57596482		0.69281385		19.98055253		0.14698572		369.33619879		6.66901521
0.50000000		0.00000000		5.90000010		10.89999962		0.73717014		0.00308700		0.26248896		0.00339492		13.20137049		0.08118059		50.29304944		0.72024851		17.90817316		0.13323428		383.20124780		7.39458147
0.50000000		0.00000000		5.90000010		11.19999981		0.75424852		0.00316110		0.24570638		0.00336204		12.01067922		0.07740211		48.88224321		0.73933441		15.92403424		0.12241403		397.89151923		8.11531579
