0.50000000		0.00000000		4.30000019		7.00000000		0.35638382		0.00217302		0.64356287		0.00213460		7.93655155		0.02885767		12.33220868		0.06069447		22.26967434		0.15809788		38.32479884		0.22745659
0.50000000		0.00000000		4.30000019		7.30000019		0.37356934		0.00231016		0.62620043		0.00220261		7.24814100		0.02686440		11.57479396		0.05914433		19.40239775		0.13988481		36.96833578		0.22932841
0.50000000		0.00000000		4.30000019		7.59999990		0.39353576		0.00239201		0.60633529		0.00229180		6.64206392		0.02535054		10.95444065		0.05884232		16.87791724		0.12113608		36.13327766		0.23732753
0.50000000		0.00000000		4.30000019		7.90000010		0.41536800		0.00250152		0.58388218		0.00232161		6.10883468		0.02409990		10.46244412		0.05860236		14.70704207		0.10588369		35.83751821		0.24616854
0.50000000		0.00000000		4.30000019		8.19999981		0.43952582		0.00255014		0.55922670		0.00239793		5.61111565		0.02294298		10.03370483		0.05944923		12.76629356		0.09061555		35.88421233		0.26244947
0.50000000		0.00000000		4.30000019		8.50000000		0.46572417		0.00256854		0.53315869		0.00255673		5.15482128		0.02200005		9.66845596		0.06206731		11.06839983		0.07718704		36.26858647		0.29061773
0.50000000		0.00000000		4.30000019		8.80000019		0.49406639		0.00264544		0.50527835		0.00260170		4.72454766		0.02116107		9.35038615		0.06381162		9.56257653		0.06675397		37.01083251		0.31640743
0.50000000		0.00000000		4.30000019		9.10000038		0.52306067		0.00257984		0.47670053		0.00260153		4.32334721		0.02038142		9.06931482		0.06540422		8.26547950		0.05639396		38.05036579		0.34411890
0.50000000		0.00000000		4.30000019		9.39999962		0.55269607		0.00262616		0.44738275		0.00261714		3.94093100		0.01965052		8.80885777		0.06771023		7.13037634		0.04911164		39.37951481		0.38038458
0.50000000		0.00000000		4.30000019		9.69999981		0.58028244		0.00272674		0.42034598		0.00258743		3.60974526		0.01897582		8.58755751		0.06951373		6.22066943		0.04386113		40.85947276		0.41551128
0.50000000		0.00000000		4.30000019		10.00000000		0.60559060		0.00260603		0.39525515		0.00262117		3.32955682		0.01842422		8.42381633		0.07275658		5.49803251		0.03854052		42.62470082		0.46415120
0.50000000		0.00000000		4.30000019		10.30000019		0.62742812		0.00270761		0.37329076		0.00265706		3.08547232		0.01790909		8.26560057		0.07591545		4.91765070		0.03556822		44.28505303		0.51458409
0.50000000		0.00000000		4.30000019		10.60000038		0.64669564		0.00271801		0.35371567		0.00259187		2.87664886		0.01744859		8.13265877		0.07736054		4.44822678		0.03282537		45.98415864		0.55214970
0.50000000		0.00000000		4.30000019		10.89999962		0.66431952		0.00287828		0.33648538		0.00263627		2.68588863		0.01698180		7.98218526		0.08036215		4.04306746		0.03098882		47.44447008		0.60524983
0.50000000		0.00000000		4.30000019		11.19999981		0.68134952		0.00287348		0.31871423		0.00254083		2.51236559		0.01650932		7.88281594		0.08143974		3.68733741		0.02879121		49.46635752		0.64551336
0.50000000		0.00000000		4.50000000		7.00000000		0.36270328		0.00258163		0.63712913		0.00263568		8.55771393		0.03038875		13.43167903		0.07322801		23.59425560		0.18767750		42.16312974		0.28855209
0.50000000		0.00000000		4.50000000		7.30000019		0.38042394		0.00269336		0.61913868		0.00266226		7.75275596		0.02811851		12.52184067		0.07043900		20.37925353		0.16211363		40.44922727		0.28640045
0.50000000		0.00000000		4.50000000		7.59999990		0.40082931		0.00276351		0.59881762		0.00277954		7.06269668		0.02631878		11.79440359		0.07020587		17.62021021		0.13809149		39.39230645		0.29734655
0.50000000		0.00000000		4.50000000		7.90000010		0.42313603		0.00288316		0.57573048		0.00289235		6.46134864		0.02481335		11.22287058		0.07096733		15.27014514		0.11943493		38.98654321		0.31486190
0.50000000		0.00000000		4.50000000		8.19999981		0.44763380		0.00296964		0.55077444		0.00301888		5.90929152		0.02353466		10.72905901		0.07269249		13.20117369		0.10214728		38.95990130		0.33952742
0.50000000		0.00000000		4.50000000		8.50000000		0.47412931		0.00296764		0.52456848		0.00301121		5.40993732		0.02252516		10.31311939		0.07313438		11.41025713		0.08577666		39.32039326		0.35874251
0.50000000		0.00000000		4.50000000		8.80000019		0.50267546		0.00298399		0.49671578		0.00304036		4.93545133		0.02157368		9.93616773		0.07473476		9.81836546		0.07238059		40.00745729		0.38796602
0.50000000		0.00000000		4.50000000		9.10000038		0.53169461		0.00308930		0.46801848		0.00312459		4.50136396		0.02076914		9.61791936		0.07805372		8.46607025		0.06281350		41.10059690		0.43191294
0.50000000		0.00000000		4.50000000		9.39999962		0.56102810		0.00305428		0.43888077		0.00308869		4.08345601		0.01992191		9.30424913		0.07967512		7.27852315		0.05320776		42.39989445		0.46996749
0.50000000		0.00000000		4.50000000		9.69999981		0.58861317		0.00294016		0.41214070		0.00290918		3.74076989		0.01922984		9.07643895		0.07925723		6.35522626		0.04555263		44.04534169		0.49455793
0.50000000		0.00000000		4.50000000		10.00000000		0.61305895		0.00284710		0.38745139		0.00271714		3.45111719		0.01865231		8.90722629		0.07886338		5.62933984		0.04011414		45.97854893		0.51931520
0.50000000		0.00000000		4.50000000		10.30000019		0.63473632		0.00276061		0.36565466		0.00266017		3.19553300		0.01813574		8.73921031		0.08063611		5.03442593		0.03599710		47.80034924		0.56165536
0.50000000		0.00000000		4.50000000		10.60000038		0.65369680		0.00271108		0.34651578		0.00263883		2.97656072		0.01768490		8.58997157		0.08296923		4.55342712		0.03299280		49.57910722		0.60981617
0.50000000		0.00000000		4.50000000		10.89999962		0.67076482		0.00271113		0.32959080		0.00266622		2.78184690		0.01722149		8.44030497		0.08597690		4.14727611		0.03066208		51.21687175		0.66622085
0.50000000		0.00000000		4.50000000		11.19999981		0.68737941		0.00290180		0.31249008		0.00270870		2.60340268		0.01674541		8.33115300		0.08992578		3.78743187		0.02913950		53.32107154		0.73815532
0.50000000		0.00000000		4.69999981		7.00000000		0.37182020		0.00228540		0.62803855		0.00230699		9.77599035		0.03326563		15.56590807		0.07794195		26.29225192		0.18471803		49.56991267		0.30783499
0.50000000		0.00000000		4.69999981		7.30000019		0.39050755		0.00233433		0.60899790		0.00234719		8.75590398		0.03038674		14.37756027		0.07456763		22.42185554		0.15498120		47.21710968		0.30510220
0.50000000		0.00000000		4.69999981		7.59999990		0.41195563		0.00225775		0.58788219		0.00225494		7.91091339		0.02818491		13.45663050		0.07044659		19.20331420		0.12552851		45.78002452		0.29710758
0.50000000		0.00000000		4.69999981		7.90000010		0.43529494		0.00227265		0.56426566		0.00227125		7.18557276		0.02645173		12.73437899		0.06946166		16.50736554		0.10545319		45.13611200		0.30597861
0.50000000		0.00000000		4.69999981		8.19999981		0.46049389		0.00239411		0.53862594		0.00232007		6.53036934		0.02497245		12.12412712		0.06983429		14.18122898		0.09152454		45.01872736		0.32379251
0.50000000		0.00000000		4.69999981		8.50000000		0.48724109		0.00232588		0.51214795		0.00232446		5.93799391		0.02376021		11.59429397		0.07015306		12.18697292		0.07591028		45.27712716		0.34246309
0.50000000		0.00000000		4.69999981		8.80000019		0.51608407		0.00228543		0.48426027		0.00241795		5.39387337		0.02271526		11.13837687		0.07275491		10.45154016		0.06387070		46.00161359		0.37821237
0.50000000		0.00000000		4.69999981		9.10000038		0.54505607		0.00224235		0.45526015		0.00251238		4.89834196		0.02176470		10.75943491		0.07623064		8.98685886		0.05441878		47.26719397		0.42448955
0.50000000		0.00000000		4.69999981		9.39999962		0.57408378		0.00235276		0.42608463		0.00251086		4.42911229		0.02087373		10.39491204		0.07843632		7.71509749		0.04818505		48.79271022		0.46714426
0.50000000		0.00000000		4.69999981		9.69999981		0.60109510		0.00239608		0.39983670		0.00252903		4.05124156		0.02016235		10.13224044		0.08154818		6.73976807		0.04297550		50.68189334		0.51880084
0.50000000		0.00000000		4.69999981		10.00000000		0.62467318		0.00225278		0.37584610		0.00255334		3.73736698		0.01956910		9.94387580		0.08529105		5.98291572		0.03803837		52.91461415		0.57897838
0.50000000		0.00000000		4.69999981		10.30000019		0.64531171		0.00219323		0.35476193		0.00233246		3.45165351		0.01895815		9.72949238		0.08335302		5.34881582		0.03454799		54.85082544		0.59234127
0.50000000		0.00000000		4.69999981		10.60000038		0.66362106		0.00219756		0.33608767		0.00222256		3.21535113		0.01846516		9.56700126		0.08379294		4.84516138		0.03211932		56.93158187		0.62480709
0.50000000		0.00000000		4.69999981		10.89999962		0.68001432		0.00242775		0.31945426		0.00229828		3.00535948		0.01792481		9.40779273		0.08791740		4.41955321		0.03072100		58.89915310		0.69463972
0.50000000		0.00000000		4.69999981		11.19999981		0.69595044		0.00269049		0.30308227		0.00236897		2.80512763		0.01742542		9.25533382		0.09240633		4.03064279		0.02949101		61.07472853		0.77441306
0.50000000		0.00000000		4.90000010		7.00000000		0.38369749		0.00222682		0.61636822		0.00221799		11.71552286		0.03797366		19.00734416		0.09205353		30.53322742		0.20296569		61.67528952		0.37212323
0.50000000		0.00000000		4.90000010		7.30000019		0.40371558		0.00224063		0.59599370		0.00224505		10.34308136		0.03418693		17.35434674		0.08697034		25.61972288		0.16549555		58.23667825		0.36510343
0.50000000		0.00000000		4.90000010		7.59999990		0.42644610		0.00226460		0.57337757		0.00234874		9.21810903		0.03137665		16.07685680		0.08562459		21.61611780		0.13634641		56.07773216		0.37678920
0.50000000		0.00000000		4.90000010		7.90000010		0.45085584		0.00223560		0.54877941		0.00236452		8.28581669		0.02910752		15.09862909		0.08393733		18.37797357		0.11168024		55.02622344		0.38702735
0.50000000		0.00000000		4.90000010		8.19999981		0.47680298		0.00230555		0.52253154		0.00241342		7.45767346		0.02720284		14.27219764		0.08399737		15.64099600		0.09473681		54.62712381		0.40868350
0.50000000		0.00000000		4.90000010		8.50000000		0.50400005		0.00239287		0.49559470		0.00243341		6.73278663		0.02565522		13.58526770		0.08443526		13.35870228		0.08132473		54.82410439		0.43424631
0.50000000		0.00000000		4.90000010		8.80000019		0.53289020		0.00245008		0.46777537		0.00246489		6.08768145		0.02436824		13.01411276		0.08611916		11.42389451		0.06964080		55.64257343		0.47068510
0.50000000		0.00000000		4.90000010		9.10000038		0.56168977		0.00238335		0.43939168		0.00260894		5.49027334		0.02316579		12.49516922		0.09101677		9.77456531		0.05849085		56.87485635		0.53448549
0.50000000		0.00000000		4.90000010		9.39999962		0.59009245		0.00243351		0.41108503		0.00258632		4.95403949		0.02219563		12.05113088		0.09307928		8.39536158		0.05112225		58.63084293		0.58406978
0.50000000		0.00000000		4.90000010		9.69999981		0.61632985		0.00244248		0.38560954		0.00263662		4.52185894		0.02141912		11.72652239		0.09754133		7.33675144		0.04531132		60.82070629		0.65489341
0.50000000		0.00000000		4.90000010		10.00000000		0.63909345		0.00253291		0.36252055		0.00256173		4.17473603		0.02079028		11.51586026		0.09955415		6.53227797		0.04157538		63.53217857		0.70937325
0.50000000		0.00000000		4.90000010		10.30000019		0.65898209		0.00252473		0.34251204		0.00247481		3.86080202		0.02013986		11.27201847		0.10045332		5.85873586		0.03791935		65.81969224		0.75513996
0.50000000		0.00000000		4.90000010		10.60000038		0.67696266		0.00245880		0.32423897		0.00230368		3.59193455		0.01960773		11.07804701		0.09925722		5.30595670		0.03478981		68.33260676		0.78137885
0.50000000		0.00000000		4.90000010		10.89999962		0.69272929		0.00245340		0.30866009		0.00238473		3.36134734		0.01909466		10.89012611		0.10443287		4.85232459		0.03248270		70.56387489		0.86897985
0.50000000		0.00000000		4.90000010		11.19999981		0.70810534		0.00271870		0.29267620		0.00261333		3.13612730		0.01854796		10.71534792		0.11476294		4.42889938		0.03122916		73.22322730		1.02102602
0.50000000		0.00000000		5.09999990		7.00000000		0.39781275		0.00187663		0.60191626		0.00189716		14.78211132		0.04572982		24.55841842		0.10845990		37.15846555		0.20962098		81.60078115		0.44274679
0.50000000		0.00000000		5.09999990		7.30000019		0.41965266		0.00192408		0.58004394		0.00197906		12.78774386		0.04011827		22.04616405		0.10218460		30.47220960		0.16928946		76.01549650		0.43749992
0.50000000		0.00000000		5.09999990		7.59999990		0.44383984		0.00200831		0.55604189		0.00199021		11.17891465		0.03609571		20.10444675		0.09691263		25.18682124		0.14000809		72.31270512		0.43416393
0.50000000		0.00000000		5.09999990		7.90000010		0.46912256		0.00204955		0.53052587		0.00200324		9.89198847		0.03308363		18.64562877		0.09405115		21.08614952		0.11601760		70.29111963		0.44289592
0.50000000		0.00000000		5.09999990		8.19999981		0.49551718		0.00206247		0.50356055		0.00205294		8.81345315		0.03065323		17.50227079		0.09379207		17.78637268		0.09647500		69.51406618		0.46806283
0.50000000		0.00000000		5.09999990		8.50000000		0.52239066		0.00218889		0.47640629		0.00200752		7.87972984		0.02871841		16.53993669		0.09214978		15.08397927		0.08376751		69.43626528		0.48504512
0.50000000		0.00000000		5.09999990		8.80000019		0.55118270		0.00215393		0.44876435		0.00199454		7.07346905		0.02713722		15.76210124		0.09254430		12.83325666		0.07027853		70.24667353		0.51728540
0.50000000		0.00000000		5.09999990		9.10000038		0.57955261		0.00214507		0.42089065		0.00214998		6.35655463		0.02575878		15.10262721		0.09847413		10.96803734		0.06019492		71.76508726		0.59443050
0.50000000		0.00000000		5.09999990		9.39999962		0.60738905		0.00215246		0.39321457		0.00201041		5.71390067		0.02457173		14.53125380		0.09708058		9.40731584		0.05242117		73.91004810		0.62178320
0.50000000		0.00000000		5.09999990		9.69999981		0.63282562		0.00217953		0.36879404		0.00208429		5.20125466		0.02368164		14.10341303		0.10235573		8.21909627		0.04692257		76.48395324		0.70353875
0.50000000		0.00000000		5.09999990		10.00000000		0.65456685		0.00205788		0.34667417		0.00201671		4.79266515		0.02290076		13.82469647		0.10407461		7.32188801		0.04187972		79.75613844		0.75879268
0.50000000		0.00000000		5.09999990		10.30000019		0.67358292		0.00209984		0.32756613		0.00188807		4.43489043		0.02216593		13.53891648		0.10329022		6.58403039		0.03878383		82.66371508		0.79040781
0.50000000		0.00000000		5.09999990		10.60000038		0.69040051		0.00209880		0.31048262		0.00187705		4.12696292		0.02155004		13.29209017		0.10618371		5.97763593		0.03611814		85.62212182		0.85778257
0.50000000		0.00000000		5.09999990		10.89999962		0.70563540		0.00194860		0.29564241		0.00197807		3.85687047		0.02091740		13.04572816		0.11235965		5.46581208		0.03326485		88.25342958		0.96251146
0.50000000		0.00000000		5.09999990		11.19999981		0.72026890		0.00197749		0.28044081		0.00193426		3.59761934		0.02026760		12.82844422		0.11424469		4.99482807		0.03130259		91.48771196		1.03053094
0.50000000		0.00000000		5.30000019		7.00000000		0.41424488		0.00181411		0.58468419		0.00182434		19.37205471		0.05679055		33.13250999		0.14185126		46.76474163		0.24644854		113.33472207		0.60041193
0.50000000		0.00000000		5.30000019		7.30000019		0.43800819		0.00180251		0.56108574		0.00183923		16.34154238		0.04872719		29.12485779		0.12906069		37.30875974		0.18960143		103.81606846		0.57222846
0.50000000		0.00000000		5.30000019		7.59999990		0.46346596		0.00185832		0.53577509		0.00189226		14.00134165		0.04303588		26.13287162		0.12235478		30.21007568		0.15262710		97.55164846		0.57211461
0.50000000		0.00000000		5.30000019		7.90000010		0.48941926		0.00189997		0.50965078		0.00194017		12.20944867		0.03889815		23.95649974		0.11892224		24.94680895		0.12528325		94.01143250		0.58811197
0.50000000		0.00000000		5.30000019		8.19999981		0.51590973		0.00196980		0.48247660		0.00194953		10.72909478		0.03566018		22.23754439		0.11634705		20.79645740		0.10527368		92.18082052		0.60937683
0.50000000		0.00000000		5.30000019		8.50000000		0.54293141		0.00200744		0.45547134		0.00195011		9.50596773		0.03311759		20.87061679		0.11520274		17.50859790		0.08894674		91.64404036		0.64019895
0.50000000		0.00000000		5.30000019		8.80000019		0.57117205		0.00190866		0.42839366		0.00188912		8.46735226		0.03104734		19.76535393		0.11335560		14.82452131		0.07354434		92.27659455		0.66756987
0.50000000		0.00000000		5.30000019		9.10000038		0.59832271		0.00188654		0.40140184		0.00190262		7.58513021		0.02927947		18.89660073		0.11551295		12.67732302		0.06318628		94.15303600		0.72829974
0.50000000		0.00000000		5.30000019		9.39999962		0.62468420		0.00185150		0.37491777		0.00187578		6.82092029		0.02793907		18.19311000		0.11763759		10.91898966		0.05520578		97.05120047		0.79345951
0.50000000		0.00000000		5.30000019		9.69999981		0.64935796		0.00195347		0.35179557		0.00196874		6.21511846		0.02687262		17.66684709		0.12493961		9.57117463		0.05041453		100.43814555		0.90578844
0.50000000		0.00000000		5.30000019		10.00000000		0.67008513		0.00205417		0.33079663		0.00203341		5.70841445		0.02593060		17.25656791		0.13189718		8.51893910		0.04668503		104.33339709		1.02334876
0.50000000		0.00000000		5.30000019		10.30000019		0.68797236		0.00206269		0.31303668		0.00209882		5.28800088		0.02508442		16.89259164		0.13874068		7.68635661		0.04313378		107.92723341		1.14427346
0.50000000		0.00000000		5.30000019		10.60000038		0.70328610		0.00219317		0.29716636		0.00216096		4.91886029		0.02434740		16.55254727		0.14560666		6.99410996		0.04091726		111.40256282		1.27145850
0.50000000		0.00000000		5.30000019		10.89999962		0.71755006		0.00218517		0.28294052		0.00225957		4.59913960		0.02362512		16.25479284		0.15434687		6.40950350		0.03827567		114.89900857		1.42558392
0.50000000		0.00000000		5.30000019		11.19999981		0.73177685		0.00211856		0.26863857		0.00219343		4.28464682		0.02286530		15.94948484		0.15557586		5.85512758		0.03554813		118.74307381		1.51048154
0.50000000		0.00000000		5.50000000		7.00000000		0.43260821		0.00169125		0.56595189		0.00173594		25.87037250		0.07228284		45.71125751		0.18966035		59.80092827		0.28735700		161.53760933		0.83349845
0.50000000		0.00000000		5.50000000		7.30000019		0.45797449		0.00174183		0.54082308		0.00177101		21.28794155		0.06051260		39.36211771		0.17068624		46.48281040		0.22071071		145.56375094		0.79097369
0.50000000		0.00000000		5.50000000		7.59999990		0.48433550		0.00180358		0.51449291		0.00185777		17.86023735		0.05228109		34.71425371		0.16136397		36.87575510		0.17466658		134.94550905		0.79429623
0.50000000		0.00000000		5.50000000		7.90000010		0.51055089		0.00185606		0.48809815		0.00188876		15.34312064		0.04660155		31.43449847		0.15463466		30.05208879		0.14236360		128.80400503		0.80616505
0.50000000		0.00000000		5.50000000		8.19999981		0.53692875		0.00188627		0.46137347		0.00194687		13.33659990		0.04240272		28.90629989		0.15272502		24.83867706		0.11769029		125.30542712		0.84728124
0.50000000		0.00000000		5.50000000		8.50000000		0.56335440		0.00194203		0.43513225		0.00199812		11.74410512		0.03924754		26.98973730		0.15328331		20.84674427		0.10009011		124.05303128		0.90602093
0.50000000		0.00000000		5.50000000		8.80000019		0.59039045		0.00203747		0.40899504		0.00209396		10.40188198		0.03664077		25.43278263		0.15805243		17.61864877		0.08688314		124.36719317		1.00138619
0.50000000		0.00000000		5.50000000		9.10000038		0.61647732		0.00201464		0.38311696		0.00198293		9.28306841		0.03444723		24.23037693		0.15431230		15.05824807		0.07445767		126.49075507		1.03804951
0.50000000		0.00000000		5.50000000		9.39999962		0.64139259		0.00197636		0.35794365		0.00201140		8.33554436		0.03273809		23.28730914		0.15965363		12.99600983		0.06487630		130.11718093		1.15342177
0.50000000		0.00000000		5.50000000		9.69999981		0.66424457		0.00180475		0.33617177		0.00196712		7.60134664		0.03147927		22.61149620		0.16209536		11.44359628		0.05668015		134.52346919		1.24483850
0.50000000		0.00000000		5.50000000		10.00000000		0.68368270		0.00178583		0.31669417		0.00198040		6.98854026		0.03034287		22.06715767		0.16799401		10.22190593		0.05179413		139.35941676		1.37295392
0.50000000		0.00000000		5.50000000		10.30000019		0.70047568		0.00175397		0.30017419		0.00201927		6.49365272		0.02944362		21.63294846		0.17549576		9.27034713		0.04801735		144.13596776		1.51900378
0.50000000		0.00000000		5.50000000		10.60000038		0.71474634		0.00165376		0.28575983		0.00198705		6.05532425		0.02853778		21.19025681		0.17800170		8.47199051		0.04447947		148.30815499		1.61727128
0.50000000		0.00000000		5.50000000		10.89999962		0.72822659		0.00171722		0.27226789		0.00203869		5.65035317		0.02763207		20.75291814		0.18559928		7.75905911		0.04212520		152.44484672		1.77812021
0.50000000		0.00000000		5.50000000		11.19999981		0.74108180		0.00187931		0.25881584		0.00202363		5.26725117		0.02672346		20.35134778		0.18968749		7.10751658		0.04031367		157.26508682		1.91326372
0.50000000		0.00000000		5.69999981		7.00000000		0.45051038		0.00216173		0.54585148		0.00215765		34.51135484		0.09239001		63.22480730		0.30183835		76.60501602		0.42092020		231.65571311		1.43582227
0.50000000		0.00000000		5.69999981		7.30000019		0.47700586		0.00217897		0.51992756		0.00219434		27.70983156		0.07546049		53.29556240		0.26769233		58.09117610		0.30893767		205.01149315		1.34498755
0.50000000		0.00000000		5.69999981		7.59999990		0.50389298		0.00220677		0.49353141		0.00225539		22.80260989		0.06406323		46.20295598		0.24785229		45.25288283		0.23545659		187.23410624		1.31944914
0.50000000		0.00000000		5.69999981		7.90000010		0.53004821		0.00219313		0.46731370		0.00231225		19.27538837		0.05637788		41.24721444		0.23708065		36.36534930		0.18426334		176.52901890		1.33882492
0.50000000		0.00000000		5.69999981		8.19999981		0.55565801		0.00223242		0.44154115		0.00230855		16.61335426		0.05101429		37.62583494		0.22814118		29.89852397		0.15118815		170.42957526		1.36451211
0.50000000		0.00000000		5.69999981		8.50000000		0.58136894		0.00222099		0.41641575		0.00228914		14.55237793		0.04716636		34.94675166		0.22301562		25.03122696		0.12540510		167.84548309		1.41373537
0.50000000		0.00000000		5.69999981		8.80000019		0.60728216		0.00231191		0.39138430		0.00232345		12.86670964		0.04393196		32.87487459		0.22513865		21.18736643		0.10834845		167.99281394		1.52255379
0.50000000		0.00000000		5.69999981		9.10000038		0.63192072		0.00222734		0.36713363		0.00231453		11.45400175		0.04123302		31.19845398		0.22649219		18.12569418		0.09131964		169.95693768		1.63413469
0.50000000		0.00000000		5.69999981		9.39999962		0.65542705		0.00229602		0.34379812		0.00237211		10.32857559		0.03927103		30.04255994		0.23667443		15.75854332		0.08147048		174.76861147		1.83022338
0.50000000		0.00000000		5.69999981		9.69999981		0.67688382		0.00226996		0.32330280		0.00241185		9.40817780		0.03758564		29.10020553		0.24625718		13.89925049		0.07249798		180.01827334		2.03081012
0.50000000		0.00000000		5.69999981		10.00000000		0.69474097		0.00226892		0.30555948		0.00239410		8.67379856		0.03629445		28.38661252		0.25214379		12.48493882		0.06627001		185.80089565		2.20068766
0.50000000		0.00000000		5.69999981		10.30000019		0.71009700		0.00226939		0.29037701		0.00245348		8.05489306		0.03510005		27.73943145		0.26371367		11.34337004		0.06129872		191.05804416		2.43004780
0.50000000		0.00000000		5.69999981		10.60000038		0.72342489		0.00222720		0.27699798		0.00235737		7.52826209		0.03402724		27.17803921		0.26189434		10.40641842		0.05691099		196.23275765		2.52282967
0.50000000		0.00000000		5.69999981		10.89999962		0.73603205		0.00222233		0.26427212		0.00232548		7.03586803		0.03285481		26.62357250		0.26521935		9.55918706		0.05315606		201.48604554		2.67810161
0.50000000		0.00000000		5.69999981		11.19999981		0.74851879		0.00219651		0.25187265		0.00224674		6.56365132		0.03167610		26.05940466		0.26429296		8.76885314		0.04952755		206.92524283		2.79485312
0.50000000		0.00000000		5.90000010		7.00000000		0.46723493		0.00235908		0.52609786		0.00238524		45.17614633		0.11673306		85.87023318		0.44811154		96.68828983		0.54839844		326.44205165		2.25665961
0.50000000		0.00000000		5.90000010		7.30000019		0.49437418		0.00237066		0.49988924		0.00239611		35.45627473		0.09325895		70.92826198		0.38780117		71.71951168		0.39225281		283.77591193		2.06336822
0.50000000		0.00000000		5.90000010		7.59999990		0.52118390		0.00237021		0.47404165		0.00241446		28.72446337		0.07796430		60.59480985		0.34971706		55.11387298		0.29188976		255.65184174		1.96787550
0.50000000		0.00000000		5.90000010		7.90000010		0.54716519		0.00232866		0.44874203		0.00239499		24.02589047		0.06784964		53.54054022		0.32328838		43.90975675		0.22427295		238.62503246		1.92303605
0.50000000		0.00000000		5.90000010		8.19999981		0.57202072		0.00235530		0.42417301		0.00240819		20.58645179		0.06116054		48.53314928		0.31098700		35.98899668		0.18273136		228.83657693		1.95908061
0.50000000		0.00000000		5.90000010		8.50000000		0.59674542		0.00232953		0.40019925		0.00237813		17.96699515		0.05625472		44.89512477		0.30154996		30.10830841		0.15066884		224.36386394		2.01211553
0.50000000		0.00000000		5.90000010		8.80000019		0.62122813		0.00223967		0.37653134		0.00233609		15.84971544		0.05230850		42.09401353		0.29581142		25.51351851		0.12470210		223.58836435		2.09597632
0.50000000		0.00000000		5.90000010		9.10000038		0.64448117		0.00227536		0.35396964		0.00232895		14.15633870		0.04943835		39.99308678		0.29790490		21.96548079		0.10907997		225.96901985		2.24582141
0.50000000		0.00000000		5.90000010		9.39999962		0.66652512		0.00224597		0.33230938		0.00228971		12.79202948		0.04719806		38.49433720		0.30087175		19.19211915		0.09589958		231.67770193		2.41396864
0.50000000		0.00000000		5.90000010		9.69999981		0.68616476		0.00223761		0.31314231		0.00228774		11.68393782		0.04524115		37.31191018		0.30851070		17.02788969		0.08620113		238.30641058		2.62938127
0.50000000		0.00000000		5.90000010		10.00000000		0.70262257		0.00215800		0.29693069		0.00220654		10.83502830		0.04372908		36.49009244		0.30857499		15.42083716		0.07820912		245.78188609		2.76690901
0.50000000		0.00000000		5.90000010		10.30000019		0.71695650		0.00218827		0.28277042		0.00219853		10.10643957		0.04239211		35.74079480		0.31574354		14.09630786		0.07312447		252.79019469		2.97492276
0.50000000		0.00000000		5.90000010		10.60000038		0.72959323		0.00211615		0.27036643		0.00219879		9.45714041		0.04107586		34.97897436		0.32249896		12.96220966		0.06769888		258.75234895		3.18112161
0.50000000		0.00000000		5.90000010		10.89999962		0.74157233		0.00203325		0.25861625		0.00215961		8.84970635		0.03977835		34.21945157		0.32452044		11.93370621		0.06283239		264.63496503		3.34394228
0.50000000		0.00000000		5.90000010		11.19999981		0.75306861		0.00206612		0.24695124		0.00208979		8.26682634		0.03830659		33.47554125		0.32297075		10.97752083		0.05911497		271.11053639		3.47925241
