0.50000000		0.00000000		4.80000019		7.19999981		0.15069562		0.00174670		0.84940870		0.00154295		12.44467184		0.05900254		14.65098223		0.07438678		82.58150908		1.03417463		34.49689682		0.18602170
0.50000000		0.00000000		4.80000019		7.40000010		0.17660402		0.00195067		0.82315352		0.00182655		11.50003673		0.05444808		13.97070713		0.07304991		65.11763784		0.78254477		33.94435377		0.19280892
0.50000000		0.00000000		4.80000019		7.59999990		0.20459076		0.00210169		0.79422677		0.00208510		10.63006105		0.05052968		13.38416370		0.07267954		51.95767894		0.58811566		33.70363297		0.20328643
0.50000000		0.00000000		4.80000019		7.80000019		0.23448805		0.00234818		0.76344399		0.00236484		9.82299515		0.04745650		12.86668733		0.07384088		41.89124003		0.46576922		33.70695804		0.21982067
0.50000000		0.00000000		4.80000019		8.00000000		0.26472214		0.00274742		0.73200010		0.00270050		9.10964567		0.04456967		12.44486935		0.07625727		34.41210348		0.39484111		34.00237042		0.24320088
0.50000000		0.00000000		4.80000019		8.19999981		0.29786581		0.00317566		0.70067726		0.00297169		8.41007328		0.04226020		12.00277748		0.07892463		28.23443669		0.33277758		34.26050226		0.26807627
0.50000000		0.00000000		4.80000019		8.39999962		0.33205082		0.00350946		0.66576611		0.00335643		7.71911835		0.03995968		11.59433960		0.08378030		23.24679819		0.27358554		34.83006857		0.30688193
0.50000000		0.00000000		4.80000019		8.60000038		0.36749871		0.00350279		0.63051482		0.00377203		7.10255400		0.03837106		11.26468995		0.09080209		19.32674558		0.21174429		35.73172120		0.35868280
0.50000000		0.00000000		4.80000019		8.80000019		0.40450425		0.00364160		0.59564570		0.00372163		6.48597535		0.03665608		10.88898203		0.09173842		16.03438132		0.17043857		36.56194272		0.38349433
0.50000000		0.00000000		4.80000019		9.00000000		0.44274156		0.00406167		0.55720694		0.00409640		5.89022062		0.03501992		10.57097506		0.09994759		13.30397039		0.14543913		37.94272611		0.45443027
0.50000000		0.00000000		4.80000019		9.19999981		0.47889984		0.00412042		0.52053063		0.00424125		5.34941784		0.03376218		10.27685509		0.10591765		11.17022267		0.11919270		39.48607260		0.51877457
0.50000000		0.00000000		4.80000019		9.39999962		0.51368999		0.00427809		0.48747865		0.00451082		4.89367101		0.03244763		10.03873922		0.11427797		9.52650654		0.10141241		41.18637517		0.60421021
0.50000000		0.00000000		4.80000019		9.60000038		0.54605989		0.00429996		0.45576627		0.00460065		4.45800054		0.03146618		9.78133053		0.12047952		8.16394064		0.08633288		42.92257303		0.68354920
0.50000000		0.00000000		4.80000019		9.80000019		0.57535062		0.00413935		0.42648774		0.00468325		4.10226613		0.03042448		9.61871988		0.12745666		7.13002820		0.07367257		45.10666495		0.77626454
0.50000000		0.00000000		4.80000019		10.00000000		0.60074478		0.00403547		0.40051222		0.00479153		3.76673944		0.02952487		9.40480539		0.13451319		6.27011596		0.06472602		46.96388785		0.87570938
