0.50000000		0.00000000		4.80000019		7.19999981		0.38906307		0.00241341		0.61053433		0.00236922		9.81337793		0.03220590		16.07342538		0.08168912		25.22310286		0.17701035		52.65363371		0.33668705
0.50000000		0.00000000		4.80000019		7.40000010		0.40298189		0.00239051		0.59664613		0.00239398		9.10694643		0.03034577		15.26356403		0.07960887		22.59889748		0.15375995		51.16454540		0.33668452
0.50000000		0.00000000		4.80000019		7.59999990		0.41791508		0.00241333		0.58180286		0.00243116		8.47041442		0.02878770		14.55890820		0.07841818		20.26826709		0.13580902		50.04756498		0.34118043
0.50000000		0.00000000		4.80000019		7.80000019		0.43351284		0.00252547		0.56579822		0.00251766		7.91983041		0.02748883		13.99762349		0.07899337		18.26896406		0.12388536		49.47920681		0.35558843
0.50000000		0.00000000		4.80000019		8.00000000		0.45000982		0.00262014		0.54963326		0.00250977		7.41189133		0.02635048		13.48515788		0.07803920		16.47051019		0.11236179		49.06965711		0.36172214
0.50000000		0.00000000		4.80000019		8.19999981		0.46706862		0.00273216		0.53187953		0.00242017		6.93305551		0.02533030		13.03501106		0.07606564		14.84376210		0.10237476		49.01490066		0.36270152
0.50000000		0.00000000		4.80000019		8.39999962		0.48500877		0.00289187		0.51428053		0.00253277		6.49361821		0.02439497		12.62660721		0.07821127		13.38866136		0.09435415		49.10396777		0.38857988
0.50000000		0.00000000		4.80000019		8.60000038		0.50346442		0.00293409		0.49582932		0.00261216		6.07780442		0.02354349		12.25785607		0.08015557		12.07196407		0.08447681		49.44385340		0.41519502
0.50000000		0.00000000		4.80000019		8.80000019		0.52302404		0.00300919		0.47739972		0.00279476		5.69223035		0.02281642		11.92340532		0.08459536		10.88330538		0.07631439		49.95145507		0.45946749
0.50000000		0.00000000		4.80000019		9.00000000		0.54238404		0.00305315		0.45800492		0.00289072		5.32480527		0.02211849		11.62608757		0.08784449		9.81740777		0.06868088		50.76839630		0.49981979
0.50000000		0.00000000		4.80000019		9.19999981		0.56124528		0.00303231		0.43950076		0.00286524		4.98201903		0.02147084		11.33563240		0.08858823		8.87672323		0.06134816		51.58413131		0.52498341
0.50000000		0.00000000		4.80000019		9.39999962		0.58040982		0.00299989		0.41978860		0.00287920		4.65578252		0.02084438		11.09077874		0.09084026		8.02154332		0.05485143		52.83982770		0.56449127
0.50000000		0.00000000		4.80000019		9.60000038		0.59877362		0.00304448		0.40203011		0.00283908		4.38575653		0.02039343		10.90902511		0.09223878		7.32456533		0.05046739		54.26969241		0.59785761
0.50000000		0.00000000		4.80000019		9.80000019		0.61537417		0.00310457		0.38575514		0.00284795		4.14320773		0.01996076		10.74051195		0.09468463		6.73282685		0.04696713		55.68564487		0.64031514
0.50000000		0.00000000		4.80000019		10.00000000		0.63034675		0.00304847		0.37013974		0.00285148		3.93146810		0.01954375		10.62157787		0.09738336		6.23699274		0.04325639		57.39225838		0.68729209
