0.50000000		0.92000000		4.30000019		7.00000000		0.24550567		0.00106931		0.75882663		0.00106327		8.39782056		0.02456273		11.06685006		0.03589207		34.20621866		0.17946253		29.16832275		0.10305036
0.50000000		0.92000000		4.30000019		7.30000019		0.25892576		0.00110087		0.74672248		0.00112026		8.04915148		0.02343703		10.77930787		0.03530765		31.08671567		0.16019502		28.87098804		0.10401415
0.50000000		0.92000000		4.30000019		7.59999990		0.27376419		0.00115732		0.73257554		0.00118693		7.72258722		0.02249511		10.54169405		0.03513734		28.20890205		0.14481924		28.77981438		0.10666086
0.50000000		0.92000000		4.30000019		7.90000010		0.28935151		0.00123757		0.71694371		0.00122676		7.43840742		0.02174995		10.37516240		0.03514969		25.70716676		0.13318922		28.94275311		0.10985100
0.50000000		0.92000000		4.30000019		8.19999981		0.30612266		0.00132779		0.69924159		0.00131567		7.16251099		0.02108332		10.24325653		0.03578530		23.39752001		0.12264885		29.29819007		0.11625575
0.50000000		0.92000000		4.30000019		8.50000000		0.32381078		0.00135672		0.67945470		0.00144579		6.89133804		0.02050888		10.14245393		0.03710620		21.28199100		0.10937281		29.85468749		0.12635445
0.50000000		0.92000000		4.30000019		8.80000019		0.34386744		0.00146676		0.65729880		0.00157450		6.60127110		0.01993067		10.04302932		0.03870631		19.19713938		0.10032240		30.55848984		0.13866850
0.50000000		0.92000000		4.30000019		9.10000038		0.36679550		0.00149252		0.63341413		0.00166509		6.30930467		0.01946451		9.96078928		0.04037234		17.20115058		0.08783525		31.45111173		0.15193896
0.50000000		0.92000000		4.30000019		9.39999962		0.39073270		0.00158344		0.60835131		0.00159101		6.02168176		0.01899896		9.89836252		0.04056434		15.41125626		0.07915029		32.54160031		0.15820042
0.50000000		0.92000000		4.30000019		9.69999981		0.41383037		0.00170191		0.58352476		0.00166953		5.74681765		0.01860600		9.84845552		0.04255190		13.88689208		0.07268493		33.75505609		0.17492213
0.50000000		0.92000000		4.30000019		10.00000000		0.43625465		0.00175783		0.56062249		0.00170945		5.47984891		0.01827435		9.77457913		0.04416841		12.56112427		0.06569952		34.87044944		0.19008800
0.50000000		0.92000000		4.30000019		10.30000019		0.45687642		0.00190262		0.53823520		0.00181329		5.23784070		0.01797265		9.73150907		0.04679604		11.46445832		0.06186160		36.16080530		0.21231524
0.50000000		0.92000000		4.30000019		10.60000038		0.47692094		0.00191369		0.51665663		0.00183777		5.00953039		0.01773186		9.69605369		0.04865589		10.50390101		0.05620308		37.53384046		0.23086812
0.50000000		0.92000000		4.30000019		10.89999962		0.49847066		0.00201697		0.49475707		0.00186038		4.77268370		0.01744963		9.64651952		0.05059265		9.57465316		0.05221484		38.99497424		0.25164713
0.50000000		0.92000000		4.30000019		11.19999981		0.52116302		0.00207135		0.47154172		0.00195465		4.51390675		0.01714052		9.57265612		0.05381349		8.66121848		0.04760965		40.60152333		0.28358692
0.50000000		0.92000000		4.50000000		7.00000000		0.25085049		0.00119892		0.75303061		0.00122517		8.99197856		0.02567954		11.94105316		0.03924742		35.84596817		0.19957702		31.71465539		0.11631056
0.50000000		0.92000000		4.50000000		7.30000019		0.26495070		0.00123115		0.74036700		0.00127653		8.56716951		0.02431598		11.57151730		0.03842830		32.33495740		0.17606308		31.25886850		0.11696611
0.50000000		0.92000000		4.50000000		7.59999990		0.28024987		0.00127570		0.72548685		0.00134150		8.17750371		0.02320061		11.27174637		0.03817189		29.17933072		0.15651162		31.07360647		0.11989591
0.50000000		0.92000000		4.50000000		7.90000010		0.29630323		0.00132460		0.70911698		0.00138609		7.84628902		0.02232776		11.06487249		0.03819932		26.48060589		0.14032787		31.20746711		0.12380803
0.50000000		0.92000000		4.50000000		8.19999981		0.31369302		0.00135805		0.69088635		0.00144086		7.52478109		0.02151981		10.89148903		0.03855068		23.98772211		0.12446175		31.52903239		0.12952892
0.50000000		0.92000000		4.50000000		8.50000000		0.33197833		0.00138802		0.67058092		0.00154841		7.22686630		0.02088872		10.77702353		0.03986960		21.76909061		0.11065015		32.14235084		0.14017179
0.50000000		0.92000000		4.50000000		8.80000019		0.35261606		0.00154579		0.64800576		0.00149513		6.90667177		0.02028942		10.65834943		0.03981336		19.58694610		0.10336124		32.89584802		0.14443049
0.50000000		0.92000000		4.50000000		9.10000038		0.37597056		0.00165620		0.62367429		0.00157208		6.58593650		0.01975610		10.55989736		0.04137576		17.51716026		0.09335771		33.86350058		0.15776938
0.50000000		0.92000000		4.50000000		9.39999962		0.40025398		0.00168774		0.59817147		0.00160000		6.27102693		0.01925772		10.48366100		0.04269446		15.66761930		0.08172839		35.05236038		0.17078695
0.50000000		0.92000000		4.50000000		9.69999981		0.42350390		0.00183203		0.57299187		0.00162381		5.97336979		0.01884845		10.42487707		0.04421385		14.10463925		0.07552241		36.38752186		0.18560739
0.50000000		0.92000000		4.50000000		10.00000000		0.44589496		0.00186950		0.54989350		0.00172903		5.69168277		0.01852751		10.35051834		0.04684441		12.76462694		0.06775472		37.64553796		0.20745907
0.50000000		0.92000000		4.50000000		10.30000019		0.46667278		0.00188485		0.52740173		0.00156975		5.43475285		0.01822802		10.30476874		0.04620863		11.64574636		0.06113947		39.07749324		0.21031870
0.50000000		0.92000000		4.50000000		10.60000038		0.48641237		0.00197094		0.50641117		0.00164651		5.19680096		0.01798005		10.26201886		0.04872200		10.68394089		0.05692560		40.52840659		0.23321541
0.50000000		0.92000000		4.50000000		10.89999962		0.50766210		0.00213164		0.48437473		0.00175036		4.94685693		0.01766538		10.21287162		0.05188566		9.74438897		0.05371214		42.16929987		0.26290468
0.50000000		0.92000000		4.50000000		11.19999981		0.53004265		0.00207529		0.46104735		0.00177533		4.67548463		0.01735478		10.14100752		0.05423823		8.82095929		0.04759047		43.99117596		0.28991804
0.50000000		0.92000000		4.69999981		7.00000000		0.25845570		0.00148951		0.74468392		0.00145003		10.06822799		0.02761129		13.52013619		0.04547338		38.95533403		0.24862661		36.31107336		0.14111802
0.50000000		0.92000000		4.69999981		7.30000019		0.27354756		0.00153133		0.73086377		0.00154218		9.48773625		0.02582674		12.98153866		0.04471074		34.68404614		0.21590042		35.52382603		0.14348638
0.50000000		0.92000000		4.69999981		7.59999990		0.28969171		0.00166319		0.71496254		0.00157888		8.98901616		0.02439774		12.57270935		0.04399283		31.02959351		0.19705260		35.17026059		0.14552286
0.50000000		0.92000000		4.69999981		7.90000010		0.30666246		0.00171737		0.69743898		0.00165897		8.55995791		0.02326268		12.27341484		0.04432635		27.91328891		0.17375376		35.19566651		0.15220449
0.50000000		0.92000000		4.69999981		8.19999981		0.32486019		0.00178497		0.67812560		0.00169192		8.16526682		0.02231823		12.04093581		0.04456123		25.13471064		0.15424880		35.51240602		0.15850236
0.50000000		0.92000000		4.69999981		8.50000000		0.34413801		0.00181104		0.65709039		0.00173994		7.80621433		0.02155516		11.87997039		0.04544976		22.68338326		0.13480679		36.15931887		0.16823992
0.50000000		0.92000000		4.69999981		8.80000019		0.36541656		0.00181693		0.63383553		0.00185484		7.43256665		0.02083303		11.72633326		0.04751718		20.33998291		0.11609731		37.00118628		0.18494603
0.50000000		0.92000000		4.69999981		9.10000038		0.38916080		0.00194309		0.60858942		0.00197943		7.06581290		0.02025307		11.61014748		0.05033323		18.15653790		0.10453219		38.15428642		0.20678546
0.50000000		0.92000000		4.69999981		9.39999962		0.41399401		0.00211273		0.58278435		0.00207672		6.70854867		0.01971007		11.51120246		0.05316420		16.20445828		0.09542175		39.50415759		0.23044325
0.50000000		0.92000000		4.69999981		9.69999981		0.43751324		0.00228091		0.55705634		0.00215620		6.37662581		0.01928975		11.44700329		0.05623426		14.57470368		0.08784828		41.09818836		0.25703863
0.50000000		0.92000000		4.69999981		10.00000000		0.45981178		0.00233926		0.53365998		0.00223859		6.06706862		0.01892428		11.36879076		0.05942909		13.19467846		0.07873952		42.60687044		0.28556744
0.50000000		0.92000000		4.69999981		10.30000019		0.48074862		0.00242527		0.51146173		0.00239104		5.78842410		0.01859730		11.31741398		0.06419806		12.04043840		0.07201357		44.25517442		0.32530473
0.50000000		0.92000000		4.69999981		10.60000038		0.50068454		0.00241348		0.49056914		0.00244544		5.52498750		0.01835536		11.26240338		0.06746792		11.03486729		0.06460184		45.91566223		0.35783573
0.50000000		0.92000000		4.69999981		10.89999962		0.52189969		0.00250481		0.46880825		0.00244506		5.24932787		0.01804262		11.19717472		0.06993979		10.05811641		0.05937543		47.76867616		0.38870952
0.50000000		0.92000000		4.69999981		11.19999981		0.54438093		0.00253297		0.44612420		0.00252586		4.95507600		0.01770874		11.10694298		0.07436525		9.10222191		0.05340324		49.79305359		0.43660266
0.50000000		0.92000000		4.90000010		7.00000000		0.26842646		0.00111630		0.73399975		0.00116870		11.77021810		0.03077226		16.03572500		0.04908716		43.84894855		0.21539577		43.69408858		0.15076450
0.50000000		0.92000000		4.90000010		7.30000019		0.28479502		0.00114457		0.71862601		0.00125993		10.90127274		0.02816494		15.16960502		0.04736486		38.27761041		0.18288093		42.21835782		0.15118057
0.50000000		0.92000000		4.90000010		7.59999990		0.30225087		0.00120190		0.70142284		0.00130782		10.19838526		0.02622293		14.53956836		0.04617988		33.74145869		0.15977916		41.45735676		0.15268689
0.50000000		0.92000000		4.90000010		7.90000010		0.32051441		0.00127229		0.68245436		0.00140975		9.61631234		0.02472963		14.09077722		0.04647910		30.00274582		0.14190494		41.29441636		0.16071715
0.50000000		0.92000000		4.90000010		8.19999981		0.33978377		0.00136145		0.66186559		0.00145481		9.10491924		0.02355061		13.75644751		0.04669456		26.79621612		0.12779530		41.56870435		0.16809998
0.50000000		0.92000000		4.90000010		8.50000000		0.35991311		0.00138798		0.63986134		0.00145528		8.65017631		0.02262133		13.51882944		0.04685338		24.03406836		0.11198663		42.25549702		0.17516650
0.50000000		0.92000000		4.90000010		8.80000019		0.38211878		0.00144925		0.61584040		0.00154144		8.20505462		0.02177462		13.32334585		0.04860312		21.47252409		0.09939497		43.26882704		0.19142546
0.50000000		0.92000000		4.90000010		9.10000038		0.40673161		0.00148254		0.58963096		0.00162028		7.76090035		0.02108096		13.16230125		0.05085760		19.08113392		0.08673902		44.64589582		0.21168412
0.50000000		0.92000000		4.90000010		9.39999962		0.43216960		0.00167401		0.56321299		0.00178834		7.33834969		0.02050465		13.02943977		0.05510948		16.98025422		0.08110008		46.26825040		0.24470530
0.50000000		0.92000000		4.90000010		9.69999981		0.45568029		0.00178548		0.53745199		0.00182858		6.95527647		0.02000972		12.94120527		0.05766090		15.26350089		0.07419615		48.15762381		0.26997584
0.50000000		0.92000000		4.90000010		10.00000000		0.47781471		0.00186648		0.51378607		0.00203025		6.60538887		0.01960231		12.85630208		0.06353354		13.82416386		0.06781706		50.04535129		0.31665855
0.50000000		0.92000000		4.90000010		10.30000019		0.49871817		0.00196857		0.49156906		0.00205199		6.28856656		0.01922736		12.79284460		0.06619433		12.60945946		0.06295806		52.04902304		0.34603366
0.50000000		0.92000000		4.90000010		10.60000038		0.51843051		0.00200552		0.47049583		0.00215389		5.99071997		0.01891637		12.73278012		0.07081059		11.55549268		0.05770275		54.12494334		0.38986948
0.50000000		0.92000000		4.90000010		10.89999962		0.53952200		0.00217419		0.44937019		0.00222626		5.68546871		0.01857894		12.65208252		0.07508821		10.53797387		0.05467378		56.31028868		0.43532772
0.50000000		0.92000000		4.90000010		11.19999981		0.56203204		0.00214063		0.42721303		0.00226950		5.36259080		0.01823732		12.55249815		0.07917709		9.54143249		0.04871939		58.76458436		0.48461305
0.50000000		0.92000000		5.09999990		7.00000000		0.28064527		0.00128706		0.72092548		0.00135002		14.38242494		0.03571643		19.94994668		0.06204942		51.24770191		0.26727051		55.34537801		0.20093042
0.50000000		0.92000000		5.09999990		7.30000019		0.29860318		0.00134501		0.70360435		0.00139741		13.02000056		0.03192570		18.50471866		0.05839125		43.60301972		0.22361894		52.59978462		0.19611711
0.50000000		0.92000000		5.09999990		7.59999990		0.31750621		0.00135562		0.68464899		0.00145305		11.97946861		0.02909435		17.49724143		0.05643454		37.72987130		0.18532963		51.11302806		0.19734605
0.50000000		0.92000000		5.09999990		7.90000010		0.33714342		0.00136718		0.66404564		0.00151705		11.13669327		0.02703405		16.77097561		0.05590506		33.03250980		0.15611908		50.51151471		0.20412539
0.50000000		0.92000000		5.09999990		8.19999981		0.35769025		0.00143242		0.64213874		0.00157509		10.43204842		0.02543079		16.24578570		0.05618148		29.16503465		0.13673353		50.59898929		0.21452954
0.50000000		0.92000000		5.09999990		8.50000000		0.37889162		0.00154327		0.61911077		0.00165536		9.82214639		0.02419206		15.86492566		0.05767385		25.92336687		0.12339263		51.25068515		0.23127900
0.50000000		0.92000000		5.09999990		8.80000019		0.40200261		0.00168059		0.59413336		0.00169538		9.25299121		0.02315006		15.57392973		0.05910333		23.01724151		0.11214020		52.42570362		0.24892445
0.50000000		0.92000000		5.09999990		9.10000038		0.42728493		0.00173278		0.56702011		0.00180141		8.70102288		0.02230853		15.34517516		0.06264667		20.36351469		0.09770098		54.12568241		0.27999269
0.50000000		0.92000000		5.09999990		9.39999962		0.45330334		0.00183320		0.54026089		0.00184543		8.19634845		0.02159591		15.17109340		0.06544708		18.08137667		0.08727311		56.16210104		0.30903327
0.50000000		0.92000000		5.09999990		9.69999981		0.47707788		0.00185790		0.51469257		0.00189064		7.73704207		0.02102638		15.03235625		0.06868789		16.21756600		0.07701422		58.41295228		0.34246224
0.50000000		0.92000000		5.09999990		10.00000000		0.49892823		0.00196696		0.49135395		0.00190130		7.32649644		0.02057928		14.91083264		0.07129649		14.68446977		0.07108262		60.69283776		0.37332803
0.50000000		0.92000000		5.09999990		10.30000019		0.51953937		0.00206104		0.46976237		0.00193489		6.95804683		0.02013587		14.81184363		0.07456076		13.39272294		0.06576374		63.06100459		0.41016258
0.50000000		0.92000000		5.09999990		10.60000038		0.53897831		0.00207141		0.44909618		0.00186210		6.61683524		0.01978918		14.73367074		0.07532410		12.27662629		0.05978448		65.61476768		0.43190448
0.50000000		0.92000000		5.09999990		10.89999962		0.55984122		0.00202149		0.42860582		0.00180660		6.26546968		0.01944013		14.61825625		0.07651054		11.19151200		0.05328037		68.21305551		0.45840233
0.50000000		0.92000000		5.09999990		11.19999981		0.58178935		0.00204068		0.40714861		0.00177701		5.90168282		0.01907104		14.49515636		0.07871733		10.14401999		0.04837910		71.20327009		0.49607993
0.50000000		0.92000000		5.30000019		7.00000000		0.29472704		0.00138648		0.70572130		0.00136714		18.26654787		0.04311251		25.88351500		0.07903311		61.97784843		0.32619895		73.35336194		0.26525322
0.50000000		0.92000000		5.30000019		7.30000019		0.31433496		0.00146572		0.68647433		0.00140332		16.05138489		0.03738149		23.38235257		0.07245721		51.06458718		0.26615625		68.12302059		0.25289612
0.50000000		0.92000000		5.30000019		7.59999990		0.33482972		0.00146184		0.66569312		0.00142496		14.44879952		0.03339663		21.70489528		0.06837721		43.15267888		0.21317481		65.20991291		0.24836739
0.50000000		0.92000000		5.30000019		7.90000010		0.35580692		0.00152645		0.64380461		0.00147956		13.21127332		0.03054846		20.52062539		0.06689927		37.13045587		0.18095841		63.74799104		0.25427177
0.50000000		0.92000000		5.30000019		8.19999981		0.37742743		0.00153907		0.62066222		0.00153319		12.19571696		0.02826930		19.64952376		0.06656266		32.31274646		0.15156514		63.31793125		0.26546194
0.50000000		0.92000000		5.30000019		8.50000000		0.39967855		0.00158836		0.59692440		0.00155402		11.36640874		0.02663938		19.04162178		0.06670136		28.43887596		0.13120880		63.79910635		0.27844531
0.50000000		0.92000000		5.30000019		8.80000019		0.42366251		0.00164563		0.57129046		0.00165041		10.61268927		0.02528682		18.57669619		0.06956490		25.04986615		0.11414855		65.03415537		0.30758413
0.50000000		0.92000000		5.30000019		9.10000038		0.44948526		0.00169904		0.54383917		0.00171737		9.90920064		0.02419768		18.22082916		0.07273550		22.04566321		0.09920856		67.00815280		0.34106595
0.50000000		0.92000000		5.30000019		9.39999962		0.47537554		0.00172982		0.51684703		0.00179751		9.28324622		0.02334130		17.96130314		0.07708158		19.52823716		0.08637393		69.50336184		0.38392432
0.50000000		0.92000000		5.30000019		9.69999981		0.49900221		0.00187501		0.49148830		0.00184343		8.73880079		0.02266086		17.78028259		0.08107519		17.51254927		0.07995254		72.35282197		0.42718749
0.50000000		0.92000000		5.30000019		10.00000000		0.52056919		0.00188777		0.46848606		0.00177207		8.24414344		0.02208866		17.59741454		0.08157007		15.83678702		0.07140474		75.12460222		0.44945674
0.50000000		0.92000000		5.30000019		10.30000019		0.54056370		0.00188771		0.44723027		0.00174087		7.80547926		0.02158266		17.45293130		0.08333210		14.43951786		0.06431734		78.04897072		0.48080626
0.50000000		0.92000000		5.30000019		10.60000038		0.55967283		0.00177615		0.42752083		0.00179079		7.40883276		0.02115497		17.32975838		0.08785192		13.23779245		0.05651245		81.07094201		0.53313005
0.50000000		0.92000000		5.30000019		10.89999962		0.57974602		0.00192635		0.40768147		0.00193594		7.01627810		0.02073818		17.21019619		0.09626345		12.10233067		0.05382070		84.42962179		0.61948487
0.50000000		0.92000000		5.30000019		11.19999981		0.60086749		0.00188152		0.38711294		0.00186254		6.58997793		0.02028286		17.02339863		0.09723072		10.96743965		0.04815486		87.95055278		0.65681762
0.50000000		0.92000000		5.50000000		7.00000000		0.31076450		0.00138355		0.68897380		0.00136115		23.77152570		0.05349655		34.50280063		0.10332180		76.49369784		0.38159120		100.15707587		0.35932040
0.50000000		0.92000000		5.50000000		7.30000019		0.33199277		0.00141293		0.66800946		0.00143558		20.20041231		0.04500585		30.23971011		0.09360735		60.84594096		0.29229225		90.53677259		0.34117519
0.50000000		0.92000000		5.50000000		7.59999990		0.35378419		0.00147150		0.64571041		0.00149956		17.71813933		0.03921405		27.43976099		0.08802813		50.08177201		0.23596031		84.99092025		0.33659894
0.50000000		0.92000000		5.50000000		7.90000010		0.37584538		0.00148750		0.62271018		0.00151515		15.87821948		0.03518570		25.49857059		0.08391603		42.24667996		0.19162644		81.89546730		0.33518113
0.50000000		0.92000000		5.50000000		8.19999981		0.39826344		0.00152082		0.59881074		0.00157687		14.44734451		0.03227562		24.12672907		0.08331702		36.27584922		0.16048817		80.58215195		0.34995144
0.50000000		0.92000000		5.50000000		8.50000000		0.42114840		0.00158869		0.57459335		0.00162136		13.31396494		0.03013936		23.17110846		0.08382319		31.61347653		0.13907996		80.65219784		0.37002709
0.50000000		0.92000000		5.50000000		8.80000019		0.44551799		0.00164707		0.54878166		0.00166783		12.32510349		0.02837687		22.45902942		0.08563127		27.66465960		0.12048740		81.85050990		0.39908867
0.50000000		0.92000000		5.50000000		9.10000038		0.47123086		0.00174157		0.52160971		0.00178603		11.43005141		0.02699307		21.91303439		0.09114702		24.25573629		0.10638297		84.02080782		0.45266553
0.50000000		0.92000000		5.50000000		9.39999962		0.49703040		0.00178249		0.49473180		0.00176804		10.64547484		0.02587171		21.51766838		0.09299485		21.41815645		0.09278708		86.98720530		0.48782202
0.50000000		0.92000000		5.50000000		9.69999981		0.52041605		0.00179456		0.47007775		0.00188251		9.98229001		0.02503539		21.23540187		0.10034118		19.18136457		0.08178736		90.34846555		0.55961198
0.50000000		0.92000000		5.50000000		10.00000000		0.54121440		0.00180763		0.44796651		0.00181096		9.39919300		0.02434292		20.98191000		0.10073593		17.36685696		0.07340009		93.67624381		0.58795015
0.50000000		0.92000000		5.50000000		10.30000019		0.56054128		0.00182070		0.42767265		0.00180016		8.88138557		0.02371346		20.76678400		0.10351453		15.84430258		0.06662010		97.11532373		0.63359007
0.50000000		0.92000000		5.50000000		10.60000038		0.57908019		0.00187216		0.40871471		0.00177492		8.42273722		0.02322075		20.60786389		0.10600448		14.54502746		0.06179966		100.84228995		0.67886066
0.50000000		0.92000000		5.50000000		10.89999962		0.59805869		0.00190831		0.38996615		0.00172501		7.96038207		0.02268037		20.41300761		0.10740602		13.31036927		0.05693846		104.69117597		0.71964924
0.50000000		0.92000000		5.50000000		11.19999981		0.61804362		0.00183447		0.37040175		0.00173004		7.46878282		0.02208062		20.16400523		0.11146131		12.08455611		0.05062597		108.87640377		0.78791851
0.50000000		0.92000000		5.69999981		7.00000000		0.32718175		0.00112070		0.67131646		0.00111427		31.13412398		0.06688322		46.37771598		0.12590436		95.15849745		0.38474706		138.16945938		0.43965155
0.50000000		0.92000000		5.69999981		7.30000019		0.34957284		0.00115178		0.64906671		0.00114295		25.64517843		0.05462774		39.51085126		0.10919792		73.36147205		0.28782818		121.74665670		0.39897051
0.50000000		0.92000000		5.69999981		7.59999990		0.37240026		0.00116198		0.62584886		0.00119755		21.86386925		0.04645622		34.93474346		0.09989236		58.71067069		0.22163272		111.63955352		0.38410452
0.50000000		0.92000000		5.69999981		7.90000010		0.39512768		0.00120016		0.60223478		0.00122642		19.17268424		0.04093522		31.83589676		0.09393309		48.52275694		0.18015189		105.72586597		0.37903578
0.50000000		0.92000000		5.69999981		8.19999981		0.41823921		0.00123110		0.57804517		0.00126952		17.20180311		0.03717709		29.75857959		0.09169487		41.12910157		0.15019324		102.96281774		0.38959958
0.50000000		0.92000000		5.69999981		8.50000000		0.44138218		0.00128326		0.55365016		0.00130720		15.67407731		0.03446222		28.31043593		0.09133701		35.51135058		0.12944325		102.26832070		0.40886116
0.50000000		0.92000000		5.69999981		8.80000019		0.46590722		0.00132076		0.52773165		0.00135444		14.37595644		0.03225702		27.24103504		0.09286672		30.85583519		0.11155505		103.23820793		0.44053648
0.50000000		0.92000000		5.69999981		9.10000038		0.49147461		0.00137282		0.50113167		0.00147313		13.25572242		0.03049268		26.45157593		0.09873519		26.97132695		0.09759691		105.56736889		0.50157490
0.50000000		0.92000000		5.69999981		9.39999962		0.51700547		0.00147441		0.47515541		0.00160224		12.29542938		0.02914637		25.87664827		0.10666031		23.78201042		0.08819329		108.91867302		0.58004091
0.50000000		0.92000000		5.69999981		9.69999981		0.53980616		0.00152954		0.45150492		0.00159615		11.50706535		0.02818317		25.48602408		0.10960786		21.31703214		0.07983873		112.89367070		0.62849958
0.50000000		0.92000000		5.69999981		10.00000000		0.56003706		0.00158023		0.43008305		0.00162587		10.81576687		0.02736358		25.14808882		0.11439429		19.31259120		0.07319058		116.94526686		0.69168835
0.50000000		0.92000000		5.69999981		10.30000019		0.57863373		0.00167869		0.41049062		0.00170838		10.19882002		0.02659328		24.84544006		0.12202009		17.62569235		0.06875264		121.05241406		0.77926291
0.50000000		0.92000000		5.69999981		10.60000038		0.59626156		0.00173505		0.39253427		0.00179947		9.65097340		0.02589762		24.58632029		0.13059934		16.18580511		0.06406833		125.26967395		0.87895382
0.50000000		0.92000000		5.69999981		10.89999962		0.61442780		0.00183792		0.37443011		0.00186761		9.09456697		0.02518850		24.28909059		0.13857512		14.80168546		0.06034031		129.73898012		0.98318488
0.50000000		0.92000000		5.69999981		11.19999981		0.63326471		0.00194067		0.35593228		0.00188466		8.54513705		0.02447868		24.00776081		0.14453226		13.49378370		0.05660570		134.90072211		1.08156601
0.50000000		0.92000000		5.90000010		7.00000000		0.34343277		0.00118493		0.65366501		0.00118652		40.46864269		0.08316533		61.91037045		0.16975361		117.83570613		0.47321628		189.42537801		0.62289139
0.50000000		0.92000000		5.90000010		7.30000019		0.36663553		0.00119837		0.63070997		0.00118453		32.47923856		0.06643925		51.49631346		0.14300479		88.58726324		0.34158339		163.29633437		0.54744261
0.50000000		0.92000000		5.90000010		7.59999990		0.39008137		0.00123137		0.60702245		0.00122977		27.03687710		0.05533334		44.54015991		0.12826355		69.31086550		0.26075387		146.74962922		0.51669932
0.50000000		0.92000000		5.90000010		7.90000010		0.41320153		0.00122265		0.58330009		0.00123805		23.27448906		0.04806213		39.90139779		0.11815989		56.32720988		0.20324499		136.81258835		0.49846141
0.50000000		0.92000000		5.90000010		8.19999981		0.43659019		0.00125516		0.55939006		0.00124363		20.56886359		0.04324850		36.77016303		0.11251647		47.11251908		0.16780393		131.46520063		0.49724639
0.50000000		0.92000000		5.90000010		8.50000000		0.46000742		0.00125079		0.53530399		0.00124669		18.51943012		0.03975648		34.59609936		0.10957988		40.25898170		0.13947172		129.25776691		0.50817219
0.50000000		0.92000000		5.90000010		8.80000019		0.48429840		0.00125682		0.51008499		0.00126500		16.88438910		0.03706694		33.10112915		0.10963329		34.86360706		0.11850685		129.78672128		0.53701158
0.50000000		0.92000000		5.90000010		9.10000038		0.50951695		0.00128798		0.48419066		0.00126978		15.48713597		0.03492363		31.98561459		0.11062818		30.39572275		0.10296521		132.11991458		0.57346655
0.50000000		0.92000000		5.90000010		9.39999962		0.53405195		0.00134652		0.45889083		0.00130255		14.32981617		0.03336919		31.22707054		0.11464860		26.83225157		0.09209275		136.09803828		0.63159524
0.50000000		0.92000000		5.90000010		9.69999981		0.55671932		0.00132765		0.43608321		0.00122660		13.35220126		0.03207381		30.61847131		0.11325488		23.98372157		0.08118187		140.42490329		0.65253876
0.50000000		0.92000000		5.90000010		10.00000000		0.57608077		0.00133338		0.41595521		0.00119914		12.53556802		0.03104131		30.13682209		0.11453085		21.76008778		0.07375697		144.90417093		0.69120434
0.50000000		0.92000000		5.90000010		10.30000019		0.59410224		0.00132140		0.39721353		0.00124287		11.80895064		0.03008951		29.72947698		0.11996441		19.87696717		0.06722848		149.69015091		0.76434758
0.50000000		0.92000000		5.90000010		10.60000038		0.61078264		0.00131849		0.38014131		0.00125576		11.15844178		0.02926008		29.35340500		0.12380236		18.26908794		0.06205055		154.43417672		0.82735508
0.50000000		0.92000000		5.90000010		10.89999962		0.62784098		0.00134062		0.36340093		0.00123070		10.52929147		0.02841389		28.97431074		0.12546722		16.77063431		0.05771068		159.46195150		0.87661508
0.50000000		0.92000000		5.90000010		11.19999981		0.64547636		0.00133488		0.34612567		0.00117875		9.88818856		0.02754044		28.56820331		0.12568390		15.31921089		0.05314268		165.07416617		0.91839352
