0.50000000		0.92000000		4.30000019		7.00000000		0.01274665		0.00037837		0.98658599		0.00041909		1.02582616		0.01553708		1.03977369		0.01575452		80.47811756		2.68191655		2.10782170		0.03194999
0.50000000		0.92000000		4.30000019		7.30000019		0.01576518		0.00045133		0.98298199		0.00050183		1.01977995		0.01543188		1.03743503		0.01570797		64.68557858		2.09463715		2.11079153		0.03197800
0.50000000		0.92000000		4.30000019		7.59999990		0.01914777		0.00051070		0.97857977		0.00062150		1.00942340		0.01528053		1.03151877		0.01562875		52.71754331		1.61673967		2.10819558		0.03196975
0.50000000		0.92000000		4.30000019		7.90000010		0.02337351		0.00073813		0.97375284		0.00081807		1.00346912		0.01514950		1.03051727		0.01558192		42.93190527		1.50274316		2.11658899		0.03205321
0.50000000		0.92000000		4.30000019		8.19999981		0.02783613		0.00077468		0.96883665		0.00098560		0.99617173		0.01505115		1.02821433		0.01557045		35.78700428		1.13326196		2.12257521		0.03221503
0.50000000		0.92000000		4.30000019		8.50000000		0.03266534		0.00089623		0.96216473		0.00115372		0.98619329		0.01490821		1.02497343		0.01554311		30.19082032		0.94574816		2.13055707		0.03240948
0.50000000		0.92000000		4.30000019		8.80000019		0.03876895		0.00106951		0.95537932		0.00145709		0.97856435		0.01480656		1.02426787		0.01557662		25.24092829		0.79417747		2.14421193		0.03277182
0.50000000		0.92000000		4.30000019		9.10000038		0.04725197		0.00120219		0.94593167		0.00184846		0.96554704		0.01466685		1.02073657		0.01563296		20.43400448		0.60549559		2.15816132		0.03332101
0.50000000		0.92000000		4.30000019		9.39999962		0.05676835		0.00144527		0.93565560		0.00245082		0.95181695		0.01452941		1.01727276		0.01575554		16.76668434		0.49771441		2.17445983		0.03415631
0.50000000		0.92000000		4.30000019		9.69999981		0.06659433		0.00162627		0.92563208		0.00255283		0.94051451		0.01444736		1.01607813		0.01585766		14.12304129		0.40745043		2.19542551		0.03479430
0.50000000		0.92000000		4.30000019		10.00000000		0.07719213		0.00194078		0.91510146		0.00287376		0.92804676		0.01434614		1.01414630		0.01599733		12.02255747		0.35483721		2.21646744		0.03564910
0.50000000		0.92000000		4.30000019		10.30000019		0.09008527		0.00229548		0.90423239		0.00328060		0.91907177		0.01427348		1.01641102		0.01621020		10.20224281		0.30444472		2.24811903		0.03677007
0.50000000		0.92000000		4.30000019		10.60000038		0.10405228		0.00280708		0.89058347		0.00343855		0.90009258		0.01412454		1.01067738		0.01633288		8.65038783		0.26997548		2.26969714		0.03771139
0.50000000		0.92000000		4.30000019		10.89999962		0.11728515		0.00312792		0.87591731		0.00369716		0.88539116		0.01400857		1.01081592		0.01655235		7.54904741		0.23409170		2.30801678		0.03902968
0.50000000		0.92000000		4.30000019		11.19999981		0.13388695		0.00365671		0.86044774		0.00431409		0.87039066		0.01390044		1.01155552		0.01693230		6.50093707		0.20567955		2.35123056		0.04108453
0.50000000		0.92000000		4.50000000		7.00000000		0.05472502		0.00066202		0.94382779		0.00067026		4.87932847		0.03286356		5.16972325		0.03501246		89.16083510		1.23451022		10.95480194		0.07459923
0.50000000		0.92000000		4.50000000		7.30000019		0.06743463		0.00087179		0.93005945		0.00080357		4.68200993		0.03126575		5.03409745		0.03389714		69.43034991		1.01026319		10.82532395		0.07349003
0.50000000		0.92000000		4.50000000		7.59999990		0.08127761		0.00100801		0.91451958		0.00098564		4.50840149		0.02986402		4.92980315		0.03308483		55.46916755		0.77990748		10.78118669		0.07328163
0.50000000		0.92000000		4.50000000		7.90000010		0.09620396		0.00127910		0.89762440		0.00113520		4.37886099		0.02898049		4.87827759		0.03286993		45.51643069		0.67600114		10.86930704		0.07451645
0.50000000		0.92000000		4.50000000		8.19999981		0.11317784		0.00136326		0.87857664		0.00130391		4.23315406		0.02808689		4.81819558		0.03275862		37.40267628		0.51435421		10.96818510		0.07632800
0.50000000		0.92000000		4.50000000		8.50000000		0.13051716		0.00159976		0.85815812		0.00151166		4.10406817		0.02730069		4.78241490		0.03290963		31.44466402		0.43852295		11.14576625		0.07917133
0.50000000		0.92000000		4.50000000		8.80000019		0.15142701		0.00176365		0.83543714		0.00181719		3.96795390		0.02657489		4.74955410		0.03344512		26.20373938		0.35205231		11.37022491		0.08379885
0.50000000		0.92000000		4.50000000		9.10000038		0.17700533		0.00202338		0.80813972		0.00230070		3.81864623		0.02593640		4.72523025		0.03479922		21.57362256		0.28685875		11.69409237		0.09233265
0.50000000		0.92000000		4.50000000		9.39999962		0.20384797		0.00243352		0.78089998		0.00244944		3.66935310		0.02538312		4.69887718		0.03569044		18.00043935		0.24835831		12.03451736		0.09889620
0.50000000		0.92000000		4.50000000		9.69999981		0.23131240		0.00293955		0.75196438		0.00279272		3.52111053		0.02488894		4.68254965		0.03738909		15.22231665		0.22135804		12.45417945		0.10967430
0.50000000		0.92000000		4.50000000		10.00000000		0.25896177		0.00323239		0.72254788		0.00342877		3.37574722		0.02436003		4.67200488		0.04035058		13.03569707		0.18794760		12.93202851		0.12743845
0.50000000		0.92000000		4.50000000		10.30000019		0.28642552		0.00377259		0.69542002		0.00338305		3.24150603		0.02388987		4.66122046		0.04116219		11.31709930		0.17080909		13.40548248		0.13515521
0.50000000		0.92000000		4.50000000		10.60000038		0.31493494		0.00413051		0.66683678		0.00346477		3.10167290		0.02347767		4.65132248		0.04270407		9.84861477		0.14913751		13.95040776		0.14716756
0.50000000		0.92000000		4.50000000		10.89999962		0.34583744		0.00490700		0.63866652		0.00378485		2.95628325		0.02307657		4.62883701		0.04536547		8.54818728		0.13843137		14.49531747		0.16601513
0.50000000		0.92000000		4.50000000		11.19999981		0.37918085		0.00466853		0.60606981		0.00379429		2.78130044		0.02254614		4.58907602		0.04700305		7.33502349		0.10812676		15.14372084		0.18178772
0.50000000		0.92000000		4.69999981		7.00000000		0.09587123		0.00093359		0.90259257		0.00097784		9.68447078		0.04719508		10.72961495		0.05356484		101.01540345		1.09998953		23.77510129		0.12145371
0.50000000		0.92000000		4.69999981		7.30000019		0.11650190		0.00116562		0.88048044		0.00120798		8.96969412		0.04314723		10.18727240		0.05095835		76.99182830		0.85472005		23.14025821		0.12002604
0.50000000		0.92000000		4.69999981		7.59999990		0.13825451		0.00134281		0.85672857		0.00132274		8.37090521		0.03991701		9.77077866		0.04897369		60.54706891		0.65512145		22.80950824		0.11962826
0.50000000		0.92000000		4.69999981		7.90000010		0.16112098		0.00155888		0.83175591		0.00156993		7.91438711		0.03765909		9.51527604		0.04870864		49.12077196		0.52961922		22.87997208		0.12483057
0.50000000		0.92000000		4.69999981		8.19999981		0.18612193		0.00172412		0.80476005		0.00179999		7.47072910		0.03574937		9.28317595		0.04903540		40.13889683		0.41850190		23.07066808		0.13233829
0.50000000		0.92000000		4.69999981		8.50000000		0.21089499		0.00181653		0.77564749		0.00198792		7.10709188		0.03418693		9.16278585		0.04994108		33.69967134		0.33246769		23.62615986		0.14229875
0.50000000		0.92000000		4.69999981		8.80000019		0.23962078		0.00197077		0.74462413		0.00244047		6.72851505		0.03268388		9.03612278		0.05294980		28.07984786		0.26821583		24.27029272		0.16295264
0.50000000		0.92000000		4.69999981		9.10000038		0.27206175		0.00230650		0.70992190		0.00288034		6.34543021		0.03142061		8.93820887		0.05721897		23.32349259		0.22899044		25.18082309		0.19084687
0.50000000		0.92000000		4.69999981		9.39999962		0.30533657		0.00248246		0.67471866		0.00281219		5.96581623		0.03044838		8.84193164		0.05826333		19.53849213		0.18755908		26.20924013		0.20435213
0.50000000		0.92000000		4.69999981		9.69999981		0.33829996		0.00282486		0.64101254		0.00292934		5.61127739		0.02961267		8.75377165		0.06110988		16.58669251		0.16384417		27.31232579		0.22788644
0.50000000		0.92000000		4.69999981		10.00000000		0.36817166		0.00306677		0.60775624		0.00309175		5.29684842		0.02885559		8.71541599		0.06496144		14.38689895		0.14319259		28.68063039		0.25881898
0.50000000		0.92000000		4.69999981		10.30000019		0.39724873		0.00330567		0.57738169		0.00313573		5.00526753		0.02822612		8.66890586		0.06787080		12.59983269		0.12665654		30.02833652		0.28612442
0.50000000		0.92000000		4.69999981		10.60000038		0.42768842		0.00339299		0.54641334		0.00311229		4.70162415		0.02755162		8.60451928		0.07031662		10.99310595		0.10842429		31.49454298		0.31372291
0.50000000		0.92000000		4.69999981		10.89999962		0.45995297		0.00386572		0.51528204		0.00338100		4.38649251		0.02685172		8.51279917		0.07639023		9.53682837		0.09915992		33.04131931		0.36730570
0.50000000		0.92000000		4.69999981		11.19999981		0.49367079		0.00393763		0.48365415		0.00371882		4.06310950		0.02611040		8.40085737		0.08418361		8.23040282		0.08430297		34.73911027		0.43878407
0.50000000		0.92000000		4.90000010		7.00000000		0.13075909		0.00107000		0.86769260		0.00093301		15.00051770		0.06175684		17.28782483		0.07356115		114.71873476		1.05085706		39.84780968		0.17488582
0.50000000		0.92000000		4.90000010		7.30000019		0.15634592		0.00118181		0.84062117		0.00110049		13.46617822		0.05488825		16.01931849		0.06858005		86.13066736		0.73967640		38.11305044		0.17062359
0.50000000		0.92000000		4.90000010		7.59999990		0.18347991		0.00134543		0.81219493		0.00120207		12.25949027		0.04958287		15.09427084		0.06500713		66.81652520		0.55953843		37.16908404		0.16926632
0.50000000		0.92000000		4.90000010		7.90000010		0.21099330		0.00155116		0.78265387		0.00139260		11.31505050		0.04567041		14.45728563		0.06377183		53.62753346		0.44976579		36.94426422		0.17572196
0.50000000		0.92000000		4.90000010		8.19999981		0.23971986		0.00154219		0.75166413		0.00148346		10.51951195		0.04264072		13.99496338		0.06309500		43.88252255		0.33367460		37.23727885		0.18326156
0.50000000		0.92000000		4.90000010		8.50000000		0.26905913		0.00170255		0.71877072		0.00159949		9.84744943		0.04023167		13.70040431		0.06373745		36.59957420		0.27567093		38.12176535		0.19659624
0.50000000		0.92000000		4.90000010		8.80000019		0.30124526		0.00187074		0.68439919		0.00189763		9.20843695		0.03812872		13.45477470		0.06704828		30.56790703		0.22815474		39.31849958		0.22422035
0.50000000		0.92000000		4.90000010		9.10000038		0.33589929		0.00218189		0.64655654		0.00215781		8.56426406		0.03630309		13.24596303		0.07146248		25.49652333		0.19776181		40.97387364		0.25993258
0.50000000		0.92000000		4.90000010		9.39999962		0.37202299		0.00219487		0.60984511		0.00230264		7.94687508		0.03482644		13.03097282		0.07537948		21.36124700		0.15699194		42.73535217		0.29521009
0.50000000		0.92000000		4.90000010		9.69999981		0.40573022		0.00227404		0.57526883		0.00241808		7.38845348		0.03355711		12.84347956		0.07948108		18.21026175		0.13136910		44.65209608		0.33404216
0.50000000		0.92000000		4.90000010		10.00000000		0.43579350		0.00247447		0.54258454		0.00285407		6.91497465		0.03249408		12.74451106		0.08989215		15.86754897		0.11694928		46.97705210		0.41334334
0.50000000		0.92000000		4.90000010		10.30000019		0.46486659		0.00276370		0.51304918		0.00319355		6.49500674		0.03185012		12.65961818		0.10031775		13.97176498		0.10767498		49.35050537		0.49729001
0.50000000		0.92000000		4.90000010		10.60000038		0.49377828		0.00272898		0.48438301		0.00352371		6.07134076		0.03091477		12.53417363		0.11129897		12.29568202		0.09239966		51.75315133		0.59407667
0.50000000		0.92000000		4.90000010		10.89999962		0.52445915		0.00284533		0.45544740		0.00353561		5.63472717		0.02998859		12.37185067		0.11644541		10.74388197		0.08165221		54.32834083		0.66283123
0.50000000		0.92000000		4.90000010		11.19999981		0.55557154		0.00291386		0.42538624		0.00361518		5.19896466		0.02910461		12.22175077		0.12437718		9.35786706		0.07178602		57.46189935		0.76186633
0.50000000		0.92000000		5.09999990		7.00000000		0.15949995		0.00079269		0.83924851		0.00082778		20.71595830		0.07681533		24.68393824		0.09471145		129.88065956		0.80535566		58.82390747		0.23304341
0.50000000		0.92000000		5.09999990		7.30000019		0.18824231		0.00104661		0.80958511		0.00092524		18.10175508		0.06684066		22.35929840		0.08642569		96.16198743		0.64181897		55.23643677		0.22264302
0.50000000		0.92000000		5.09999990		7.59999990		0.21800028		0.00118955		0.77824985		0.00103106		16.12979506		0.05950362		20.72572837		0.08123929		73.98979061		0.48734496		53.26240227		0.22037699
0.50000000		0.92000000		5.09999990		7.90000010		0.24784284		0.00136152		0.74643162		0.00126377		14.65314813		0.05397307		19.63093163		0.07958110		59.12274071		0.39103962		52.59941046		0.23108050
0.50000000		0.92000000		5.09999990		8.19999981		0.27857788		0.00143658		0.71347821		0.00141861		13.42422716		0.05013751		18.81518858		0.07960952		48.18841718		0.30682854		52.74215299		0.24657059
0.50000000		0.92000000		5.09999990		8.50000000		0.30982328		0.00171066		0.67926307		0.00159126		12.39748537		0.04671431		18.25137554		0.08097959		40.01469885		0.26748325		53.73875412		0.26962745
0.50000000		0.92000000		5.09999990		8.80000019		0.34303138		0.00196683		0.64386158		0.00174892		11.47522179		0.04388248		17.82249806		0.08359889		33.45239684		0.23055181		55.36127196		0.30007837
0.50000000		0.92000000		5.09999990		9.10000038		0.37824664		0.00182083		0.60590295		0.00196339		10.59436153		0.04168692		17.48524503		0.08912893		28.00913563		0.17414411		57.71632259		0.34861677
0.50000000		0.92000000		5.09999990		9.39999962		0.41443785		0.00228059		0.56924436		0.00214223		9.76242523		0.03983760		17.14979697		0.09520001		23.55582459		0.16137658		60.25460454		0.40409666
0.50000000		0.92000000		5.09999990		9.69999981		0.44729350		0.00239153		0.53569786		0.00223431		9.02669256		0.03823689		16.85034284		0.10017024		20.18069231		0.13765881		62.90987578		0.45684614
0.50000000		0.92000000		5.09999990		10.00000000		0.47732866		0.00269567		0.50464840		0.00240084		8.42181951		0.03696041		16.68848945		0.10801654		17.64364928		0.12619042		66.13907597		0.53128549
0.50000000		0.92000000		5.09999990		10.30000019		0.50510008		0.00272948		0.47612890		0.00236107		7.84846998		0.03583958		16.48391845		0.11112027		15.53844545		0.10993265		69.24141090		0.57945312
0.50000000		0.92000000		5.09999990		10.60000038		0.53252919		0.00285942		0.44921803		0.00246734		7.33265453		0.03476908		16.32315261		0.11844270		13.76948836		0.09863715		72.67363001		0.66136575
0.50000000		0.92000000		5.09999990		10.89999962		0.56039482		0.00308005		0.42235224		0.00286313		6.78652048		0.03354989		16.06839007		0.13481578		12.11024849		0.08952387		76.08999641		0.82074655
0.50000000		0.92000000		5.09999990		11.19999981		0.58891361		0.00323609		0.39442882		0.00286025		6.24868334		0.03236178		15.84235995		0.14117308		10.61052632		0.08011970		80.33064091		0.92290826
0.50000000		0.92000000		5.30000019		7.00000000		0.18652570		0.00128159		0.81296301		0.00119697		27.51036006		0.09241722		33.83962077		0.12411862		147.48831086		1.12801198		83.25008695		0.32903198
0.50000000		0.92000000		5.30000019		7.30000019		0.21746654		0.00144977		0.78119368		0.00133822		23.42405689		0.07890937		29.98495449		0.11332122		107.71338580		0.80455863		76.76701777		0.31853594
0.50000000		0.92000000		5.30000019		7.59999990		0.24899951		0.00148408		0.74803515		0.00148759		20.42081758		0.06927057		27.29927553		0.10734371		82.01147665		0.56242348		72.98928568		0.32161896
0.50000000		0.92000000		5.30000019		7.90000010		0.28031935		0.00158990		0.71495546		0.00156602		18.23603439		0.06219166		25.50653228		0.10338282		65.05449765		0.43053759		71.35138867		0.32872832
0.50000000		0.92000000		5.30000019		8.19999981		0.31191273		0.00169247		0.68113262		0.00173004		16.53503255		0.05746200		24.27579007		0.10449346		53.01172742		0.34158322		71.28065603		0.35625687
0.50000000		0.92000000		5.30000019		8.50000000		0.34378170		0.00180718		0.64680618		0.00178021		15.11978351		0.05325420		23.37606543		0.10449069		43.98076899		0.27829448		72.28151575		0.37943316
0.50000000		0.92000000		5.30000019		8.80000019		0.37658265		0.00194127		0.61161456		0.00196198		13.85728974		0.04976638		22.65689954		0.10910235		36.79747272		0.23118497		74.08881630		0.42868322
0.50000000		0.92000000		5.30000019		9.10000038		0.41159610		0.00186958		0.57418425		0.00192564		12.71818069		0.04703381		22.14999938		0.11058069		30.89966289		0.18099013		77.15293319		0.46401501
0.50000000		0.92000000		5.30000019		9.39999962		0.44682993		0.00192550		0.53876551		0.00191987		11.68184336		0.04471074		21.68261170		0.11338775		26.14382466		0.15068070		80.48997675		0.50935060
0.50000000		0.92000000		5.30000019		9.69999981		0.47842460		0.00198253		0.50645190		0.00189915		10.80178152		0.04301433		21.32834650		0.11666302		22.57781368		0.12975711		84.22654425		0.55857604
0.50000000		0.92000000		5.30000019		10.00000000		0.50717911		0.00187133		0.47671317		0.00173750		10.05056174		0.04153226		21.08303758		0.11616808		19.81659233		0.10978086		88.45166763		0.58434763
0.50000000		0.92000000		5.30000019		10.30000019		0.53378359		0.00198410		0.44984535		0.00184275		9.36269077		0.04016082		20.81313230		0.12344844		17.54023717		0.09955659		92.53461140		0.66702422
0.50000000		0.92000000		5.30000019		10.60000038		0.55905502		0.00202799		0.42474471		0.00194353		8.71668047		0.03895051		20.52216374		0.13125394		15.59181149		0.08973962		96.63293412		0.75992359
0.50000000		0.92000000		5.30000019		10.89999962		0.58606273		0.00209139		0.40037108		0.00173253		8.07126679		0.03752907		20.15946484		0.12804905		13.77201858		0.08072140		100.70390022		0.77398725
0.50000000		0.92000000		5.30000019		11.19999981		0.61276437		0.00193477		0.37434848		0.00174783		7.42633379		0.03607830		19.83802321		0.13366930		12.11939557		0.07022057		105.98693140		0.86883781
0.50000000		0.92000000		5.50000000		7.00000000		0.21274355		0.00112006		0.78652590		0.00109019		36.27970979		0.11117470		46.12652909		0.15513618		170.53259672		1.03883199		117.29182499		0.42667189
0.50000000		0.92000000		5.50000000		7.30000019		0.24544829		0.00117848		0.75315678		0.00120913		29.99612388		0.09234608		39.82719754		0.13828199		122.20954505		0.69702959		105.76070899		0.40456023
0.50000000		0.92000000		5.50000000		7.59999990		0.27803522		0.00123482		0.71928707		0.00130664		25.59200014		0.07983466		35.57967478		0.12843873		92.04589327		0.49956303		98.93038843		0.39979676
0.50000000		0.92000000		5.50000000		7.90000010		0.31008353		0.00134628		0.68562113		0.00131860		22.44495711		0.07103252		32.73667629		0.12123339		72.38358271		0.38889409		95.49494520		0.39849101
0.50000000		0.92000000		5.50000000		8.19999981		0.34150454		0.00141448		0.65200432		0.00141065		20.10214679		0.06528058		30.83130909		0.12030881		58.86348333		0.30981020		94.57394083		0.42197228
0.50000000		0.92000000		5.50000000		8.50000000		0.37331061		0.00154030		0.61791207		0.00153783		18.24555907		0.06057754		29.52775949		0.12252105		48.87500827		0.25884145		95.57269003		0.46242766
0.50000000		0.92000000		5.50000000		8.80000019		0.40620597		0.00163405		0.58331678		0.00156238		16.59859411		0.05661052		28.45554030		0.12339981		40.86250699		0.21550510		97.56462127		0.49729228
0.50000000		0.92000000		5.50000000		9.10000038		0.44079698		0.00174407		0.54722183		0.00144598		15.16596038		0.05342347		27.71446520		0.12204115		34.40577169		0.18226494		101.29151887		0.52018197
0.50000000		0.92000000		5.50000000		9.39999962		0.47455792		0.00189948		0.51343635		0.00150325		13.87343493		0.05080263		27.02074938		0.12668481		29.23443968		0.15859608		105.25452432		0.58179621
0.50000000		0.92000000		5.50000000		9.69999981		0.50485483		0.00211062		0.48278395		0.00169977		12.80729951		0.04873475		26.52801418		0.13752560		25.36828176		0.14340953		109.89600665		0.68868364
0.50000000		0.92000000		5.50000000		10.00000000		0.53152391		0.00205675		0.45425032		0.00180959		11.90292256		0.04713004		26.20344365		0.14717779		22.39395516		0.12398095		115.37006235		0.79444245
0.50000000		0.92000000		5.50000000		10.30000019		0.55619302		0.00208430		0.42935602		0.00188665		11.09751169		0.04536984		25.84687550		0.15512990		19.95262664		0.11065601		120.39833642		0.89558126
0.50000000		0.92000000		5.50000000		10.60000038		0.57956184		0.00201680		0.40586712		0.00180893		10.34757815		0.04377470		25.49499016		0.15666663		17.85413990		0.09780094		125.63220377		0.95369182
0.50000000		0.92000000		5.50000000		10.89999962		0.60395450		0.00195009		0.38269877		0.00194030		9.58614658		0.04207464		25.04880412		0.16797563		15.87229925		0.08648566		130.90611184		1.10050575
0.50000000		0.92000000		5.50000000		11.19999981		0.62903617		0.00215103		0.35887998		0.00199270		8.81743086		0.04033924		24.56930239		0.17676405		14.01736709		0.08006297		136.92211011		1.24434857
0.50000000		0.92000000		5.69999981		7.00000000		0.23844587		0.00102658		0.76090023		0.00098116		46.94983319		0.13271901		61.70300790		0.19171372		196.89933745		1.01411154		162.18422626		0.54558668
0.50000000		0.92000000		5.69999981		7.30000019		0.27199614		0.00121959		0.72681817		0.00114575		37.77072226		0.10771949		51.96722363		0.16934089		138.86492080		0.73792590		142.99924228		0.51764069
0.50000000		0.92000000		5.69999981		7.59999990		0.30503058		0.00139924		0.69299255		0.00130185		31.51526110		0.09155299		45.47705594		0.15732916		103.31836639		0.56098881		131.24832506		0.51668241
0.50000000		0.92000000		5.69999981		7.90000010		0.33712295		0.00138491		0.65973912		0.00135817		27.28882792		0.08103089		41.36305862		0.14945311		80.94621871		0.41030259		125.39216587		0.52144529
0.50000000		0.92000000		5.69999981		8.19999981		0.36834296		0.00146015		0.62690236		0.00148097		24.16827800		0.07420795		38.55190120		0.14935317		65.61352001		0.32899694		122.99172384		0.55807918
0.50000000		0.92000000		5.69999981		8.50000000		0.39966984		0.00146784		0.59388250		0.00151696		21.76099103		0.06879390		36.64191310		0.14892400		54.44741808		0.26384369		123.39785390		0.59234977
0.50000000		0.92000000		5.69999981		8.80000019		0.43157340		0.00146663		0.56052465		0.00154927		19.74212678		0.06425634		35.22080008		0.15039351		45.74454043		0.21525396		125.67083295		0.63922520
0.50000000		0.92000000		5.69999981		9.10000038		0.46456583		0.00151714		0.52603792		0.00152710		17.97998115		0.06039002		34.18000989		0.15174018		38.70276314		0.18130909		129.95264747		0.68931495
0.50000000		0.92000000		5.69999981		9.39999962		0.49701508		0.00140602		0.49331574		0.00133556		16.41678007		0.05723191		33.27844378		0.14688947		33.03074836		0.14829432		134.91742178		0.69861276
0.50000000		0.92000000		5.69999981		9.69999981		0.52572429		0.00153042		0.46407174		0.00136134		15.13562267		0.05495461		32.61483356		0.15223824		28.79003894		0.13398086		140.55944595		0.77490433
0.50000000		0.92000000		5.69999981		10.00000000		0.55105094		0.00161319		0.43772443		0.00152649		14.09348209		0.05302489		32.19715694		0.16517145		25.57564287		0.12192240		147.11153828		0.91254695
0.50000000		0.92000000		5.69999981		10.30000019		0.57409021		0.00172495		0.41436180		0.00168175		13.14984137		0.05111869		31.73516830		0.17835221		22.90553129		0.11254039		153.17613028		1.06186890
0.50000000		0.92000000		5.69999981		10.60000038		0.59544951		0.00182655		0.39298487		0.00186271		12.28173189		0.04923179		31.25242945		0.19400431		20.62598361		0.10411123		159.05156629		1.24224864
0.50000000		0.92000000		5.69999981		10.89999962		0.61766336		0.00192598		0.37091011		0.00172879		11.37735907		0.04740977		30.67416851		0.19177758		18.41999989		0.09586737		165.39947598		1.28983033
0.50000000		0.92000000		5.69999981		11.19999981		0.64116390		0.00204784		0.34898748		0.00191403		10.49763865		0.04526331		30.08027281		0.20985434		16.37278501		0.08785415		172.38597041		1.52978527
0.50000000		0.92000000		5.90000010		7.00000000		0.26310305		0.00143490		0.73598007		0.00147719		59.71970398		0.15744274		81.14309928		0.26886268		226.98217911		1.37495545		220.50352304		0.85421564
0.50000000		0.92000000		5.90000010		7.30000019		0.29686799		0.00159073		0.70214908		0.00161228		46.83278254		0.12467465		66.69920104		0.23448785		157.75625806		0.94389286		189.98586793		0.79776003
0.50000000		0.92000000		5.90000010		7.59999990		0.32963293		0.00177308		0.66893409		0.00184573		38.29231023		0.10404518		57.24377180		0.22167501		116.16651898		0.70005005		171.14921455		0.81380169
0.50000000		0.92000000		5.90000010		7.90000010		0.36114291		0.00187430		0.63667248		0.00190869		32.59563062		0.09155711		51.19685849		0.21032707		90.25687445		0.53263030		160.82636045		0.81792293
0.50000000		0.92000000		5.90000010		8.19999981		0.39154034		0.00195081		0.60486691		0.00198620		28.54906376		0.08323202		47.19891794		0.20725773		72.91474392		0.42091325		156.06381165		0.85572078
0.50000000		0.92000000		5.90000010		8.50000000		0.42181377		0.00207547		0.57324416		0.00208411		25.54712793		0.07687971		44.56587533		0.21033018		60.56494584		0.34931774		155.48653843		0.92631294
0.50000000		0.92000000		5.90000010		8.80000019		0.45242524		0.00217717		0.54127657		0.00234769		23.07717076		0.07173753		42.63471236		0.22751023		51.00769938		0.29222077		157.53392969		1.08330382
0.50000000		0.92000000		5.90000010		9.10000038		0.48396307		0.00230539		0.50872870		0.00251250		20.99413455		0.06765491		41.26784030		0.24336293		43.37962123		0.24948520		162.23909009		1.24795517
0.50000000		0.92000000		5.90000010		9.39999962		0.51461984		0.00237885		0.47827171		0.00255248		19.19142227		0.06432159		40.12661001		0.25287845		37.29242588		0.21292960		167.79838495		1.38571058
0.50000000		0.92000000		5.90000010		9.69999981		0.54176878		0.00243601		0.45090041		0.00250909		17.72025933		0.06148418		39.29971889		0.25771710		32.70815866		0.18576541		174.31662556		1.49921273
0.50000000		0.92000000		5.90000010		10.00000000		0.56594551		0.00251225		0.42644572		0.00244245		16.53910609		0.05945375		38.78361391		0.26225829		29.22384875		0.16692694		181.89238279		1.61187423
0.50000000		0.92000000		5.90000010		10.30000019		0.58757954		0.00244538		0.40508131		0.00235518		15.45187198		0.05746561		38.14511240		0.26326914		26.29749837		0.14677561		188.33311620		1.69957569
0.50000000		0.92000000		5.90000010		10.60000038		0.60783074		0.00244740		0.38536108		0.00229429		14.46214659		0.05537581		37.52881965		0.26565206		23.79304895		0.13220385		194.77223456		1.80153479
0.50000000		0.92000000		5.90000010		10.89999962		0.62840402		0.00260480		0.36494585		0.00232137		13.47148302		0.05341381		36.91364852		0.27668383		21.43761448		0.12296815		202.29657650		1.98871237
0.50000000		0.92000000		5.90000010		11.19999981		0.64991378		0.00262457		0.34427549		0.00219094		12.44019149		0.05120941		36.13440976		0.27387038		19.14129520		0.11037964		209.91567041		2.07746295
