0.50000000		0.00000000		5.30000019		9.10000038		0.59832271		0.00188654		0.40140184		0.00190262		7.58513021		0.02927947		18.89660073		0.11551295		12.67732302		0.06318628		94.15303600		0.72829974		0.14612856		0.32703712		0.52683432		18.94914817		0.12834307		12.70240283		0.09173527		
0.50000000		0.02300000		5.30000019		9.10000038		0.59926166		0.00215676		0.40261073		0.00218391		7.52527092		0.02917595		18.69118331		0.12462331		12.55757108		0.06643016		92.84990193		0.79807324		0.14585652		0.32248255		0.53166093		18.72167507		0.12852595		12.61811971		0.09030991		
0.50000000		0.04600000		5.30000019		9.10000038		0.59381647		0.00247344		0.40480424		0.00252956		7.55167750		0.02944759		18.65513460		0.13740863		12.71719112		0.07256137		92.16867300		0.89028423		0.14857649		0.32402315		0.52740036		18.70502818		0.12865886		12.72368045		0.09150148		
0.50000000		0.06900000		5.30000019		9.10000038		0.59490827		0.00239756		0.40428452		0.00245489		7.61680720		0.02960185		18.84021476		0.13582657		12.80333050		0.07168262		93.20275095		0.87851585		0.14749758		0.32186693		0.53063549		18.87361532		0.13036296		12.81165804		0.08987344		
0.50000000		0.09200000		5.30000019		9.10000038		0.59170230		0.00318151		0.40813114		0.00310611		7.54248325		0.02899278		18.48053868		0.15756925		12.74709139		0.08425302		90.56176819		1.03501154		0.14904953		0.31886999		0.53208048		18.52959923		0.12507584		12.77355205		0.09080764		
0.50000000		0.11500000		5.30000019		9.10000038		0.59003113		0.00227692		0.40971853		0.00237011		7.61231093		0.02907319		18.57936688		0.12878797		12.90154127		0.07004757		90.69331957		0.81881774		0.15153376		0.31637230		0.53209393		18.61915600		0.12570366		12.91914251		0.09141282		
0.50000000		0.13800000		5.30000019		9.10000038		0.58538233		0.00170603		0.41450903		0.00179909		7.58328388		0.02903494		18.29461691		0.10588449		12.95441208		0.06233401		88.27125911		0.63858691		0.15506449		0.31627251		0.52866300		18.32638341		0.12417007		12.97583517		0.09081185		
0.50000000		0.16100000		5.30000019		9.10000038		0.57635010		0.00203133		0.42412592		0.00222897		7.62380815		0.02762053		17.97534113		0.11474023		13.22773796		0.06685896		84.76417094		0.70085617		0.15860448		0.30548178		0.53591374		17.99810652		0.11338113		13.25016260		0.08733363		
0.50000000		0.18400000		5.30000019		9.10000038		0.57372412		0.00237475		0.42613583		0.00228978		7.58459965		0.02751729		17.79854965		0.11539671		13.21994203		0.07276439		83.53463187		0.70342180		0.16001756		0.30595014		0.53403230		17.82916588		0.11216116		13.23839897		0.08703297		
0.50000000		0.20700000		5.30000019		9.10000038		0.56367502		0.00202097		0.43526257		0.00215413		7.66069337		0.02738792		17.60016585		0.10745381		13.59062056		0.06881241		80.87148846		0.63558607		0.16459557		0.29923683		0.53616760		17.62777919		0.10874621		13.59356153		0.08801560		
0.50000000		0.25300000		5.30000019		9.10000038		0.55721668		0.00196218		0.44280739		0.00201685		7.70599710		0.02719296		17.40259378		0.10026929		13.82944437		0.06894311		78.60118982		0.57729313		0.16770586		0.29105949		0.54123465		17.42455241		0.10637960		13.84527263		0.08912404		
0.50000000		0.29900000		5.30000019		9.10000038		0.54450652		0.00204926		0.45560968		0.00185808		7.69579321		0.02676093		16.89119760		0.09052770		14.13351889		0.07242103		74.14766706		0.49935961		0.17461771		0.28302884		0.54235345		16.91961074		0.10058894		14.15489499		0.08892567		
0.50000000		0.34500000		5.30000019		9.10000038		0.53649749		0.00175553		0.46208239		0.00156922		7.86161588		0.02679840		17.01345061		0.08186326		14.65359307		0.06924031		73.63816963		0.43368332		0.17860467		0.27691913		0.54447620		17.03132455		0.09910537		14.63149121		0.08964718		
0.50000000		0.39100000		5.30000019		9.10000038		0.52571402		0.00192474		0.47317953		0.00206860		7.88266625		0.02649233		16.65893334		0.09186158		14.99420969		0.07451919		70.41273891		0.49549148		0.18453064		0.27139550		0.54407386		16.68340705		0.09382048		14.98749172		0.08957260		
0.50000000		0.43700000		5.30000019		9.10000038		0.51397601		0.00153545		0.48355657		0.00165208		8.03181106		0.02479988		16.60986845		0.07648934		15.62682105		0.06713807		68.69875988		0.39392079		0.18796280		0.26250438		0.54953282		16.62858721		0.08666723		15.56994427		0.08460383		
0.50000000		0.50600000		5.30000019		9.10000038		0.49836234		0.00142608		0.49947040		0.00145879		8.17195909		0.02460318		16.36124809		0.06862862		16.39762557		0.06810965		65.51438553		0.33486025		0.19785251		0.25121176		0.55093573		16.37793838		0.08346137		16.33794578		0.08606959		
0.50000000		0.57500000		5.30000019		9.10000038		0.48908677		0.00130211		0.50868315		0.00126733		8.36463714		0.02445123		16.44370800		0.06315740		17.10256259		0.06762078		64.65206524		0.29598337		0.20290756		0.24500953		0.55208291		16.45856686		0.08150010		17.03480177		0.08680968		
0.50000000		0.69000000		5.30000019		9.10000038		0.47395784		0.00105215		0.52102833		0.00117056		8.82471037		0.02413002		16.93710280		0.05993949		18.61918854		0.06557765		65.01413395		0.27252866		0.21090985		0.23679029		0.55229986		16.95356343		0.08040090		18.43115208		0.08657694		
0.50000000		0.80500000		5.30000019		9.10000038		0.45981979		0.00164224		0.53534536		0.00159357		9.36208980		0.02445471		17.48794429		0.06925720		20.36034542		0.09008967		65.33331809		0.32367770		0.21764516		0.22835340		0.55400144		17.49859500		0.07953728		20.15518428		0.08904034		
0.50000000		0.92000000		5.30000019		9.10000038		0.44948526		0.00169904		0.54383917		0.00171737		9.90920064		0.02419768		18.22082916		0.07273550		22.04566321		0.09920856		67.00815280		0.34106595		0.22062466		0.22273990		0.55663544		18.23158553		0.07888884		21.72934832		0.09130694		
0.50000000		1.03500000		5.30000019		9.10000038		0.44071323		0.00162474		0.55176542		0.00161874		10.48693491		0.02454821		19.00614751		0.07133357		23.79537120		0.10391450		68.89213035		0.32818453		0.22747070		0.21990698		0.55262233		19.01593078		0.08009032		23.40708468		0.09361778		
0.50000000		1.15000000		5.30000019		9.10000038		0.43383358		0.00223091		0.55837071		0.00223769		11.21076229		0.04137569		20.07763330		0.10938488		25.84115856		0.16356602		71.91506671		0.48638278		0.23078668		0.21825225		0.55096107		20.10335822		0.13586048		25.40578809		0.15681655		
0.50000000		1.26500000		5.30000019		9.10000038		0.43518316		0.00213001		0.55872367		0.00229214		11.86206502		0.04177275		21.23064718		0.11478590		27.25763780		0.16435580		75.99694974		0.51578185		0.23309132		0.22161273		0.54529595		21.24851837		0.14141594		26.90597757		0.15812411		
0.50000000		1.38000000		5.30000019		9.10000038		0.42978279		0.00258745		0.56411490		0.00249420		12.45005883		0.04228723		22.07007626		0.12305065		28.96825826		0.20024027		78.24674122		0.55678913		0.23676075		0.22120679		0.54203246		22.10265663		0.14343886		28.58999852		0.16595036		
0.50000000		1.49500000		5.30000019		9.10000038		0.42909225		0.00184024		0.56390369		0.00201886		13.30410382		0.04330258		23.59286553		0.11415481		31.00522946		0.16692974		83.67693327		0.50365485		0.23709753		0.22062567		0.54227680		23.63427746		0.14744140		30.52188876		0.16848734		
0.50000000		1.61000000		5.30000019		9.10000038		0.42552528		0.00231718		0.56663162		0.00252661		14.18181157		0.04417016		25.02827435		0.13613002		33.32777693		0.20907321		88.34054996		0.62131742		0.24180200		0.22310196		0.53509604		25.03898171		0.15402392		32.73764214		0.17310518		
0.50000000		1.72500000		5.30000019		9.10000038		0.42504312		0.00224927		0.56795107		0.00221497		15.12940229		0.04558283		26.63856640		0.13127939		35.59498183		0.21675282		93.80584981		0.58953353		0.24217868		0.22209123		0.53573009		26.66337620		0.15799783		35.03266864		0.18054558		
0.50000000		1.84000000		5.30000019		9.10000038		0.43711202		0.00171473		0.55899941		0.00171669		15.97012344		0.04624213		28.56912382		0.12058473		36.53553947		0.17813816		102.21521946		0.53354244		0.23942973		0.23298770		0.52758257		28.60190866		0.16807627		36.24006820		0.18109670		
0.50000000		1.95500000		5.30000019		9.10000038		0.43251528		0.00211194		0.56198556		0.00195682		17.06281070		0.04764285		30.36165346		0.13551161		39.45019209		0.22190305		108.05136586		0.61165829		0.24188440		0.23256015		0.52555545		30.38997170		0.17322218		38.98847818		0.18885354		
0.50000000		2.07000000		5.30000019		9.10000038		0.44093612		0.00227992		0.55619421		0.00198922		18.07987546		0.04851418		32.50640696		0.14534218		41.00338957		0.23886246		116.88869161		0.66926066		0.24157946		0.23929263		0.51912791		32.52413884		0.17958473		40.76100365		0.19229730		
0.50000000		2.18500000		5.30000019		9.10000038		0.44221334		0.00202734		0.55382039		0.00179159		18.96404389		0.05020200		34.24222773		0.14313423		42.88437774		0.22702700		123.65824152		0.65361146		0.24113665		0.24560381		0.51325955		34.26603611		0.18948413		42.51623265		0.19883260		
0.50000000		2.30000000		5.30000019		9.10000038		0.44565788		0.00156064		0.55199245		0.00170152		20.44466045		0.05199888		37.03793472		0.14801609		45.87523644		0.19855055		134.19725034		0.67729823		0.24200981		0.24863872		0.50935147		37.05849350		0.19768599		45.65418799		0.20427507		
0.50000000		2.41500000		5.30000019		9.10000038		0.45076654		0.00158309		0.54737286		0.00165708		21.27369352		0.05286294		38.86508644		0.15221757		47.19448235		0.20303962		142.00589501		0.70295388		0.24163950		0.25492419		0.50343631		38.88337501		0.20380469		47.01633623		0.20751651		
0.50000000		2.53000000		5.30000019		9.10000038		0.45325178		0.00188169		0.54577831		0.00187617		22.48900273		0.05380652		41.20538034		0.17257913		49.61702054		0.23774602		150.99676844		0.81815681		0.24125000		0.25839770		0.50035230		41.22326994		0.20844122		49.52657239		0.21228697		
0.50000000		2.64500000		5.30000019		9.10000038		0.46085695		0.00206052		0.53780207		0.00200073		23.89276752		0.05599439		44.42669278		0.19533694		51.84421618		0.26171173		165.21577328		0.95156303		0.23986061		0.26763791		0.49250148		44.47958265		0.22233110		51.75233881		0.21742596		
