0.50000000		0.00000000		5.30000019		9.10000038		0.41480791		0.00376187		0.58536553		0.00423258		15.00766202		0.10030846		25.63810353		0.25244855		36.17978707		0.40759583		87.59690244		1.07011107		0.29246142		0.11800161		0.58953696		25.71201655		0.29985447		36.30522844		0.33513416		
0.50000000		0.02300000		5.30000019		9.10000038		0.41403664		0.00256055		0.58677448		0.00251018		15.19594425		0.10160494		25.89741865		0.20556672		36.70193097		0.33427624		88.27043348		0.79594408		0.29535724		0.11732185		0.58732090		26.01307103		0.30314670		36.88490855		0.34146323		
0.50000000		0.06900000		5.30000019		9.10000038		0.41454896		0.00318574		0.58545769		0.00309374		15.19656857		0.10293553		25.95673217		0.22299490		36.65807921		0.37552307		88.67158948		0.89435164		0.29475770		0.11763676		0.58760553		26.06655945		0.30496296		36.75177459		0.33941443		
0.50000000		0.11500000		5.30000019		9.10000038		0.40920594		0.00285178		0.59014927		0.00327059		14.88207015		0.09923286		25.21746769		0.21864417		36.36816753		0.35077730		85.46131957		0.87941432		0.29480350		0.11456101		0.59063549		25.31104635		0.28840184		36.43578802		0.33317751		
0.50000000		0.16100000		5.30000019		9.10000038		0.40749800		0.00302648		0.59314372		0.00346761		15.21622444		0.09920384		25.65352032		0.22464476		37.34061118		0.36902138		86.50018374		0.91076327		0.29851232		0.11563132		0.58585636		25.76567930		0.28372582		37.55928075		0.33228503		
0.50000000		0.20700000		5.30000019		9.10000038		0.40347000		0.00315823		0.59685100		0.00330218		14.61358812		0.09607632		24.48448301		0.21038679		36.21976419		0.37025032		82.04554602		0.83848837		0.30287089		0.11229411		0.58483500		24.54753818		0.27120936		36.34058823		0.33051550		
0.50000000		0.25300000		5.30000019		9.10000038		0.39954671		0.00374561		0.60171940		0.00376255		14.83047322		0.09764476		24.64682575		0.22379780		37.11824667		0.42521712		81.92132650		0.90317932		0.30814600		0.11209205		0.57976194		24.74740755		0.27269880		37.35009921		0.33384779		
0.50000000		0.29900000		5.30000019		9.10000038		0.39401495		0.00303149		0.60547584		0.00264666		14.57318435		0.09288108		24.06897741		0.18601445		36.98637402		0.36952307		79.50433616		0.70591389		0.31058776		0.11082220		0.57859005		24.15200020		0.25391834		37.05959504		0.31572849		
0.50000000		0.34500000		5.30000019		9.10000038		0.39265584		0.00308179		0.60921965		0.00293311		14.34768152		0.08954125		23.55091707		0.18563076		36.54009491		0.36640050		77.31502740		0.71409674		0.31070863		0.10885129		0.58044008		23.63937602		0.24199190		36.84702012		0.31284562		
0.50000000		0.39100000		5.30000019		9.10000038		0.39824200		0.00266881		0.60077795		0.00298568		14.89111061		0.09348646		24.78638003		0.19846327		37.39211471		0.34336268		82.51427998		0.77760290		0.30695076		0.11327746		0.57977178		24.84428478		0.25558840		37.36725213		0.31471538		
0.50000000		0.43700000		5.30000019		9.10000038		0.39792266		0.00286239		0.60192945		0.00294971		15.42625339		0.09021925		25.62800917		0.19554386		38.76696411		0.35940159		85.15286732		0.77218356		0.30809322		0.11401485		0.57789193		25.65617773		0.24018243		38.83578298		0.30298151		
0.50000000		0.50600000		5.30000019		9.10000038		0.39414943		0.00375312		0.60689619		0.00391320		14.85861544		0.08331673		24.48296046		0.20920691		37.69792479		0.41657818		80.68253131		0.86368846		0.31237469		0.11201108		0.57561423		24.53092261		0.22446393		37.84683003		0.28560751		
0.50000000		0.57500000		5.30000019		9.10000038		0.39889749		0.00284625		0.60242408		0.00281919		15.23801092		0.08454069		25.29449169		0.18359063		38.20031818		0.34526986		83.97569908		0.72521348		0.30812278		0.11475491		0.57712231		25.41442027		0.23002734		38.48850922		0.28415463		
0.50000000		0.69000000		5.30000019		9.10000038		0.40016773		0.00230780		0.59996450		0.00231473		15.82947030		0.08284732		26.38401159		0.17155092		39.55708823		0.30806651		87.95190925		0.66496547		0.30689865		0.11771308		0.57538826		26.44780498		0.22997473		39.64627907		0.27857783		
0.50000000		0.80500000		5.30000019		9.10000038		0.39782173		0.00279167		0.60194505		0.00268350		15.90553632		0.08015334		26.42356863		0.17778395		39.98156730		0.34541518		87.79395616		0.70859763		0.30696221		0.11807373		0.57496406		26.47617769		0.22260425		40.07226985		0.26842102		
0.50000000		0.92000000		5.30000019		9.10000038		0.40524804		0.00218731		0.59561565		0.00237417		16.50609178		0.07854122		27.71265638		0.17202030		40.73083704		0.29307554		93.05550146		0.68646419		0.29925521		0.12117536		0.57956943		27.74080449		0.22968661		40.88690167		0.26330857		
0.50000000		1.03500000		5.30000019		9.10000038		0.40909449		0.00190572		0.59019685		0.00182131		17.23132684		0.07938513		29.19589793		0.16189293		42.12065274		0.27596352		98.93613689		0.62784045		0.29522279		0.12655081		0.57822640		29.26044984		0.23333996		42.14484107		0.26435664		
0.50000000		1.15000000		5.30000019		9.10000038		0.40988172		0.00295521		0.58931311		0.00320994		17.80403291		0.10360288		30.21149978		0.24080376		43.43700115		0.40245344		102.53123250		0.98983458		0.29049521		0.12716142		0.58234337		30.22185670		0.31050908		43.39223647		0.33870908		
0.50000000		1.26500000		5.30000019		9.10000038		0.41341508		0.00235422		0.58492114		0.00230654		18.55816267		0.10645814		31.72763216		0.22085901		44.88990214		0.36284542		108.48516207		0.86792662		0.28790724		0.13191309		0.58017967		31.81325956		0.32357629		44.83830137		0.35021438		
0.50000000		1.38000000		5.30000019		9.10000038		0.41216123		0.00235805		0.58453264		0.00248950		19.20269756		0.10680672		32.85136936		0.23013613		46.59025666		0.37175547		112.40217324		0.92151908		0.28792805		0.13330637		0.57876557		32.92799598		0.33564180		46.29769586		0.35696972		
0.50000000		1.49500000		5.30000019		9.10000038		0.42222139		0.00232436		0.57454321		0.00273829		19.61946760		0.10122328		34.14794074		0.23984824		46.46725124		0.35058734		118.86987765		1.00898615		0.28059833		0.14041059		0.57899108		34.24078272		0.33886319		46.23530964		0.33700635		
0.50000000		1.61000000		5.30000019		9.10000038		0.43070003		0.00377904		0.56808043		0.00363128		20.71291020		0.10319231		36.46122823		0.29549490		48.09126730		0.48523772		128.36642953		1.32497957		0.27628604		0.14561394		0.57810001		36.57995762		0.35578673		48.12277951		0.34566474		
0.50000000		1.72500000		5.30000019		9.10000038		0.42590028		0.00336968		0.57045641		0.00351235		21.77137725		0.10496577		38.16483910		0.29845377		51.11848555		0.47361982		133.80457537		1.33176892		0.27912874		0.14859934		0.57227192		38.27577239		0.37065348		50.81246242		0.35348124		
0.50000000		1.84000000		5.30000019		9.10000038		0.42809228		0.00334761		0.56887846		0.00359490		22.41827678		0.10715427		39.40784935		0.31224199		52.36786000		0.47994846		138.54575941		1.40412261		0.27487066		0.15032755		0.57480180		39.52992744		0.38230108		52.15153413		0.35646649		
0.50000000		1.95500000		5.30000019		9.10000038		0.43410308		0.00458043		0.56138474		0.00447200		22.92422274		0.12273624		40.83513669		0.39193807		52.80824742		0.62483337		145.48003720		1.81459853		0.27325174		0.15826576		0.56848250		40.92509424		0.47064283		52.33775037		0.42670395		
0.50000000		2.07000000		5.30000019		9.10000038		0.43848737		0.00479165		0.55704771		0.00509984		24.47833692		0.12748748		43.94298133		0.46284608		55.82449745		0.67577451		157.77098052		2.20178410		0.27068513		0.16032744		0.56898742		43.99913354		0.49219095		55.34070087		0.43483459		
0.50000000		2.18500000		5.30000019		9.10000038		0.45304468		0.00398701		0.54280871		0.00443323		25.42258031		0.12490835		46.83524720		0.44639570		56.11495221		0.56559015		172.56630551		2.16601210		0.25848099		0.16888385		0.57263517		46.98300815		0.51153552		55.76941336		0.41632422		
0.50000000		2.30000000		5.30000019		9.10000038		0.45031477		0.00298673		0.54471047		0.00305682		26.60695556		0.13022382		48.84605157		0.36372206		59.08523862		0.48703337		179.34684395		1.67225811		0.25655586		0.17149980		0.57194434		48.95008995		0.52349102		58.53358920		0.43290777		
0.50000000		2.41500000		5.30000019		9.10000038		0.44964240		0.00316081		0.54576720		0.00375743		27.33007047		0.12877844		50.07642505		0.41777517		60.78179085		0.51438109		183.50837028		1.98494955		0.25998030		0.17671103		0.56330867		50.16883533		0.51923835		60.29879475		0.43816277		
0.50000000		2.53000000		5.30000019		9.10000038		0.46295325		0.00324121		0.53296411		0.00312282		28.67628066		0.13155016		53.80527495		0.40039376		61.94206513		0.51846869		201.90956056		1.91237686		0.25266575		0.18481790		0.56251635		53.91088304		0.56587853		61.50698952		0.44054139		
0.50000000		2.64500000		5.30000019		9.10000038		0.45916833		0.00512509		0.53654187		0.00527786		29.45110938		0.13135572		54.89060821		0.59285781		64.14011439		0.77095207		204.60885397		2.98909754		0.25536487		0.18485708		0.55977805		55.01206283		0.55392125		63.68341951		0.44597523		
