0.50000000		0.00000000		5.30000019		9.10000038		0.55767205		0.00310575		0.44107798		0.00313248		11.18057548		0.05979760		25.34829681		0.22535975		20.04865667		0.15480363		114.93793894		1.30786126		0.11521654		0.05323887		0.83154459		25.56444997		0.24432610		20.12690888		0.18669575		
0.50000000		0.02300000		5.30000019		9.10000038		0.55927031		0.00305956		0.44085910		0.00271377		11.25226933		0.06070127		25.52350447		0.20890851		20.11955427		0.15457951		115.78984850		1.18584400		0.11348655		0.05363188		0.83288157		25.64378200		0.24682905		20.18919537		0.18451145		
0.50000000		0.04600000		5.30000019		9.10000038		0.55197876		0.00340419		0.44706944		0.00342044		11.27532575		0.06008029		25.22052468		0.23514328		20.42710086		0.16648722		112.82598467		1.36076862		0.11762292		0.05210281		0.83027426		25.34261191		0.23802426		20.47607368		0.19066601		
0.50000000		0.06900000		5.30000019		9.10000038		0.55276701		0.00277056		0.44783384		0.00310771		11.44324466		0.06167265		25.55243425		0.22451519		20.70175051		0.15236254		114.11569276		1.27767477		0.11661161		0.05308220		0.83030619		25.67976500		0.24536430		20.80952176		0.18998115		
0.50000000		0.09200000		5.30000019		9.10000038		0.55049442		0.00300424		0.44940093		0.00288139		11.26505261		0.06154007		25.06682088		0.21114618		20.46351826		0.15801525		111.55660445		1.18092871		0.11940509		0.05229882		0.82829609		25.14600207		0.23944309		20.50744972		0.18921256		
0.50000000		0.11500000		5.30000019		9.10000038		0.54773824		0.00343719		0.44864188		0.00333932		11.26475093		0.06086310		25.10855871		0.23093470		20.56593828		0.17030135		111.93140880		1.32436231		0.12126255		0.05286404		0.82587341		25.19753625		0.23708928		20.47868800		0.18653861		
0.50000000		0.13800000		5.30000019		9.10000038		0.54831991		0.00278582		0.45419779		0.00263772		11.16360152		0.05974017		24.57872294		0.19409889		20.35965000		0.15023409		108.22916241		1.06091829		0.11944869		0.05247080		0.82808051		24.68796090		0.23390553		20.52080754		0.18882872		
0.50000000		0.16100000		5.30000019		9.10000038		0.53674639		0.00283590		0.46290851		0.00287054		11.16680439		0.05253796		24.12313478		0.18777194		20.80461962		0.14718577		104.22420087		1.03724061		0.12767060		0.05145039		0.82087901		24.21406189		0.19677494		20.86713974		0.16609607		
0.50000000		0.18400000		5.30000019		9.10000038		0.53572870		0.00290091		0.46518745		0.00285417		11.15790666		0.05130097		23.98582920		0.18390090		20.82753191		0.14794879		103.12328645		1.01265122		0.12683603		0.05189572		0.82126825		24.05398842		0.19728936		20.89588779		0.16356142		
0.50000000		0.20700000		5.30000019		9.10000038		0.52604040		0.00257625		0.47158109		0.00277435		11.20783297		0.05099184		23.76650219		0.17675303		21.30603063		0.14242284		100.79497572		0.95580251		0.13186078		0.05087687		0.81726234		23.81283071		0.18672450		21.24737447		0.16460815		
0.50000000		0.25300000		5.30000019		9.10000038		0.51827986		0.00230134		0.47881050		0.00231628		11.28071241		0.05217145		23.55986853		0.15767736		21.76567780		0.13954806		98.40999133		0.81266244		0.13608083		0.05042910		0.81349008		23.64445802		0.18908327		21.70475893		0.16644896		
0.50000000		0.29900000		5.30000019		9.10000038		0.50899888		0.00308669		0.49016709		0.00331736		11.36267368		0.05181532		23.18122535		0.18917667		22.32357327		0.16937960		94.58499361		1.00278625		0.14156213		0.05048269		0.80795518		23.26406526		0.17849799		22.35997458		0.16764451		
0.50000000		0.34500000		5.30000019		9.10000038		0.50055215		0.00212873		0.49612545		0.00224774		11.15974420		0.05008459		22.49379518		0.14344628		22.29486839		0.13784623		90.67785294		0.70934301		0.14866350		0.04984268		0.80149381		22.53803524		0.17395327		22.18233844		0.16611472		
0.50000000		0.39100000		5.30000019		9.10000038		0.48932218		0.00221695		0.50636414		0.00217122		11.13954570		0.04917231		21.99908105		0.13538126		22.76525788		0.14400175		86.89035980		0.65171795		0.15373855		0.04961010		0.79665135		22.02351485		0.16789927		22.57780550		0.16629371		
0.50000000		0.43700000		5.30000019		9.10000038		0.47936013		0.00274414		0.51456596		0.00322192		11.10361135		0.04865733		21.57859690		0.16491551		23.16340213		0.16699176		83.87106317		0.82864523		0.15935844		0.04883922		0.79180233		21.66273874		0.16124351		22.95398148		0.16531498		
0.50000000		0.50600000		5.30000019		9.10000038		0.47164950		0.00206782		0.52465824		0.00221870		11.38207871		0.04959141		21.69427228		0.13172272		24.13249387		0.14916291		82.69868131		0.61191250		0.16357197		0.04960426		0.78682377		21.76457865		0.16078125		23.98758842		0.17082372		
0.50000000		0.57500000		5.30000019		9.10000038		0.45755687		0.00244019		0.53613887		0.00237429		11.49395222		0.04781966		21.43838645		0.13026480		25.12027029		0.16991182		79.97325983		0.60130276		0.17159615		0.04993800		0.77846585		21.48788890		0.15094061		24.82679665		0.16829156		
0.50000000		0.69000000		5.30000019		9.10000038		0.43688270		0.00272028		0.55402093		0.00230546		11.73482962		0.04683755		21.18120269		0.12213181		26.86036707		0.19865933		76.46354687		0.54371928		0.18373450		0.05052142		0.76574408		21.22989716		0.14463695		26.35080469		0.16827956		
0.50000000		0.80500000		5.30000019		9.10000038		0.42878295		0.00208186		0.55955568		0.00196025		12.35871264		0.04758267		22.08665396		0.11496977		28.82277054		0.17860182		78.94354326		0.49532760		0.18942003		0.05327193		0.75730803		22.13201632		0.14474684		28.09671156		0.17226175		
0.50000000		0.92000000		5.30000019		9.10000038		0.41159610		0.00186958		0.57418425		0.00192564		12.71818069		0.04703381		22.14999938		0.11058069		30.89966289		0.18099013		77.15293319		0.46401501		0.19736443		0.05330290		0.74933267		22.19289433		0.14323387		29.90507988		0.17599810		
0.50000000		1.03500000		5.30000019		9.10000038		0.40643478		0.00198864		0.57708541		0.00191396		13.25912465		0.04720899		22.97601768		0.11179884		32.62300731		0.19740918		79.62778875		0.46890381		0.20256527		0.05662778		0.74080695		23.00964117		0.14414861		31.38578917		0.17523961		
