0.50000000		0.00000000		5.00000000		7.19999981		0.40323154		0.00256723		0.59628906		0.00253302		11.96340535		0.03732900		20.06309712		0.10574858		29.66882347		0.21035628		67.29319187		0.45554368
0.50000000		0.00000000		5.00000000		7.40000010		0.41813934		0.00261495		0.58140373		0.00258946		10.99341366		0.03483723		18.90839892		0.10335566		26.29126821		0.18432390		65.04395462		0.45861750
0.50000000		0.00000000		5.00000000		7.59999990		0.43403946		0.00263684		0.56569652		0.00265238		10.12506515		0.03274122		17.89840440		0.10194325		23.32752237		0.16054298		63.27917408		0.46682890
0.50000000		0.00000000		5.00000000		7.80000019		0.45049322		0.00270439		0.54894609		0.00267214		9.37784234		0.03102676		17.08335772		0.10054741		20.81683334		0.14268930		62.24056673		0.47538304
0.50000000		0.00000000		5.00000000		8.00000000		0.46757672		0.00270383		0.53207505		0.00276488		8.70618433		0.02953042		16.36269992		0.10153798		18.61979847		0.12482738		61.50523318		0.49781409
0.50000000		0.00000000		5.00000000		8.19999981		0.48505294		0.00269860		0.51394239		0.00273494		8.08769926		0.02820285		15.73658720		0.10012015		16.67384839		0.10948103		61.23872037		0.50793621
0.50000000		0.00000000		5.00000000		8.39999962		0.50294667		0.00269463		0.49595612		0.00271254		7.52908611		0.02697025		15.18095212		0.09925260		14.96994920		0.09647968		61.21893253		0.52182937
0.50000000		0.00000000		5.00000000		8.60000038		0.52146273		0.00280421		0.47738271		0.00274056		7.02006094		0.02597525		14.70531034		0.10043612		13.46224862		0.08787614		61.60805555		0.54967573
0.50000000		0.00000000		5.00000000		8.80000019		0.54100287		0.00274287		0.45915415		0.00284480		6.54773456		0.02510646		14.26042763		0.10390512		12.10295725		0.07693440		62.11607827		0.59409937
0.50000000		0.00000000		5.00000000		9.00000000		0.56041388		0.00276018		0.44023859		0.00284727		6.09566667		0.02422171		13.84627960		0.10510307		10.87708013		0.06883363		62.90352450		0.62729749
0.50000000		0.00000000		5.00000000		9.19999981		0.57894446		0.00284094		0.42168262		0.00289377		5.69468185		0.02348384		13.50466352		0.10812066		9.83631812		0.06304880		64.05131715		0.67540497
0.50000000		0.00000000		5.00000000		9.39999962		0.59782844		0.00295109		0.40283464		0.00282692		5.30961641		0.02280257		13.18063499		0.10844191		8.88150529		0.05811180		65.43943109		0.70764114
0.50000000		0.00000000		5.00000000		9.60000038		0.61544282		0.00295689		0.38543741		0.00283006		4.97568025		0.02218125		12.90917831		0.11088756		8.08471573		0.05298807		66.98456345		0.75694618
0.50000000		0.00000000		5.00000000		9.80000019		0.63151643		0.00294842		0.36962168		0.00282247		4.69183229		0.02167777		12.69360684		0.11329161		7.42946982		0.04880033		68.68431969		0.80676210
0.50000000		0.00000000		5.00000000		10.00000000		0.64610830		0.00284164		0.35492916		0.00272337		4.45260316		0.02120266		12.54504752		0.11328828		6.89141922		0.04467128		70.69043063		0.83768974
