0.50000000		0.00000000		5.00000000		7.19999981		0.19654187		0.00167173		0.80303378		0.00165481		18.86444996		0.07726429		23.49147754		0.10770713		95.98183994		0.90611251		58.50682298		0.29409897
0.50000000		0.00000000		5.00000000		7.40000010		0.22566196		0.00186768		0.77379718		0.00189182		17.09451329		0.07027841		22.09172338		0.10566912		75.75274500		0.70005201		57.09951883		0.30672751
0.50000000		0.00000000		5.00000000		7.59999990		0.25642910		0.00197631		0.74240938		0.00209278		15.53363263		0.06447481		20.92327083		0.10498015		60.57671655		0.53026822		56.36585759		0.32438722
0.50000000		0.00000000		5.00000000		7.80000019		0.28855766		0.00215709		0.70958251		0.00240160		14.14668533		0.06007515		19.93663192		0.10826256		49.02550556		0.42149235		56.19256852		0.35956014
0.50000000		0.00000000		5.00000000		8.00000000		0.32128397		0.00222726		0.67725551		0.00257878		12.90509499		0.05622905		19.05498701		0.11026079		40.16725446		0.32888723		56.27119058		0.38978344
0.50000000		0.00000000		5.00000000		8.19999981		0.35429265		0.00242856		0.64465366		0.00258689		11.80508984		0.05322601		18.31229778		0.11053037		33.32016593		0.27337840		56.81282471		0.41178286
0.50000000		0.00000000		5.00000000		8.39999962		0.38892566		0.00255625		0.61039321		0.00283697		10.74220528		0.05039091		17.59882817		0.11621433		27.62020220		0.22302977		57.66390511		0.46564569
0.50000000		0.00000000		5.00000000		8.60000038		0.42314816		0.00289555		0.57588666		0.00290421		9.76969244		0.04796661		16.96460984		0.11940194		23.08811274		0.19444855		58.91648870		0.51012868
0.50000000		0.00000000		5.00000000		8.80000019		0.45895877		0.00296995		0.54158912		0.00295292		8.86303003		0.04561617		16.36485990		0.12270076		19.31116839		0.15966963		60.43275009		0.56025144
0.50000000		0.00000000		5.00000000		9.00000000		0.49408581		0.00321233		0.50586681		0.00301182		7.98188590		0.04345020		15.77863134		0.12728983		16.15485757		0.13698635		62.38255221		0.62546891
0.50000000		0.00000000		5.00000000		9.19999981		0.52816337		0.00327470		0.47116076		0.00315159		7.22255879		0.04189232		15.32928752		0.13571839		13.67485753		0.11610293		65.07030618		0.72203945
0.50000000		0.00000000		5.00000000		9.39999962		0.56079467		0.00335775		0.44096447		0.00333026		6.57612506		0.04028674		14.91304980		0.14502248		11.72644003		0.10045147		67.63832875		0.83281075
0.50000000		0.00000000		5.00000000		9.60000038		0.58954056		0.00342175		0.41241828		0.00322078		5.99766306		0.03868142		14.54267026		0.14729299		10.17345281		0.08827041		70.52388774		0.90196506
0.50000000		0.00000000		5.00000000		9.80000019		0.61550961		0.00329231		0.38543548		0.00318385		5.48759953		0.03729619		14.23740122		0.15229765		8.91553834		0.07710920		73.87696298		0.99846134
0.50000000		0.00000000		5.00000000		10.00000000		0.63784731		0.00318772		0.36245435		0.00326607		5.05552317		0.03614010		13.94802750		0.16043317		7.92591439		0.06913251		76.96432771		1.12457176
